date,temp
2023-01-01 06:00:00,9.5
2023-01-01 12:00:00,9.7
2023-01-01 18:00:00,9.6
2023-01-02 06:00:00,9.4
2023-01-02 12:00:00,9.7
2023-01-02 18:00:00,9.5
2023-01-03 06:00:00,9.4
2023-01-03 12:00:00,9.7
2023-01-03 18:00:00,9.6
2023-01-04 06:00:00,9.4
2023-01-04 12:00:00,9.5
2023-01-04 18:00:00,9.5
2023-01-05 06:00:00,9.4
2023-01-05 12:00:00,9.6
2023-01-05 18:00:00,9.5
2023-01-06 06:00:00,9.4
2023-01-06 12:00:00,9.5
2023-01-06 18:00:00,9.5
2023-01-07 06:00:00,9.4
2023-01-07 12:00:00,9.6
2023-01-07 18:00:00,9.5
2023-01-08 06:00:00,9.3
2023-01-08 12:00:00,9.5
2023-01-08 18:00:00,9.4
2023-01-09 06:00:00,9.4
2023-01-09 12:00:00,9.5
2023-01-09 18:00:00,9.5
2023-01-10 06:00:00,9.4
2023-01-10 12:00:00,9.5
2023-01-10 18:00:00,9.5
2023-01-11 06:00:00,9.5
2023-01-11 12:00:00,9.6
2023-01-11 18:00:00,9.6
2023-01-12 06:00:00,9.5
2023-01-12 12:00:00,9.5
2023-01-12 18:00:00,9.5
2023-01-13 06:00:00,9.4
2023-01-13 12:00:00,9.4
2023-01-13 18:00:00,9.4
2023-01-14 06:00:00,9.3
2023-01-14 12:00:00,9.3
2023-01-14 18:00:00,9.3
2023-01-15 06:00:00,9.2
2023-01-15 12:00:00,9.2
2023-01-15 18:00:00,9.1
2023-01-16 06:00:00,9.1
2023-01-16 12:00:00,9.2
2023-01-16 18:00:00,9.2
2023-01-17 06:00:00,9.2
2023-01-17 12:00:00,9.3
2023-01-17 18:00:00,9.3
2023-01-18 06:00:00,9.3
2023-01-18 12:00:00,9.4
2023-01-18 18:00:00,9.4
2023-01-19 06:00:00,9.4
2023-01-19 12:00:00,9.5
2023-01-19 18:00:00,9.6
2023-01-20 06:00:00,9.5
2023-01-20 12:00:00,9.6
2023-01-20 18:00:00,9.6
2023-01-21 06:00:00,9.5
2023-01-21 12:00:00,9.7
2023-01-21 18:00:00,9.6
2023-01-22 06:00:00,9.5
2023-01-22 12:00:00,9.8
2023-01-22 18:00:00,9.7
2023-01-23 06:00:00,9.6
2023-01-23 12:00:00,9.6
2023-01-23 18:00:00,9.5
2023-01-24 06:00:00,9.4
2023-01-24 12:00:00,9.4
2023-01-24 18:00:00,9.4
2023-01-25 06:00:00,9.3
2023-01-25 12:00:00,9.3
2023-01-25 18:00:00,9.2
2023-01-26 06:00:00,9.1
2023-01-26 12:00:00,9.1
2023-01-26 18:00:00,9.1
2023-01-27 06:00:00,9.1
2023-01-27 12:00:00,9.1
2023-01-27 18:00:00,9.1
2023-01-28 06:00:00,9.1
2023-01-28 12:00:00,9.1
2023-01-28 18:00:00,9.0
2023-01-29 06:00:00,8.9
2023-01-29 12:00:00,8.9
2023-01-29 18:00:00,8.8
2023-01-30 06:00:00,8.7
2023-01-30 12:00:00,8.8
2023-01-30 18:00:00,8.8
2023-01-31 06:00:00,8.7
2023-01-31 12:00:00,8.8
2023-01-31 18:00:00,8.7
2023-02-01 06:00:00,8.6
2023-02-01 12:00:00,8.6
2023-02-01 18:00:00,8.6
2023-02-02 06:00:00,8.5
2023-02-02 12:00:00,8.5
2023-02-02 18:00:00,8.5
2023-02-03 06:00:00,8.3
2023-02-03 12:00:00,8.4
2023-02-03 18:00:00,8.3
2023-02-04 06:00:00,8.2
2023-02-04 12:00:00,8.2
2023-02-04 18:00:00,8.2
2023-02-05 06:00:00,8.0
2023-02-05 12:00:00,7.9
2023-02-05 18:00:00,7.8
2023-02-06 06:00:00,7.6
2023-02-06 12:00:00,7.6
2023-02-06 18:00:00,7.5
2023-02-07 06:00:00,7.3
2023-02-07 12:00:00,7.3
2023-02-07 18:00:00,7.2
2023-02-08 06:00:00,7.1
2023-02-08 12:00:00,7.1
2023-02-08 18:00:00,7.0
2023-02-09 06:00:00,6.8
2023-02-09 12:00:00,6.8
2023-02-09 18:00:00,6.7
2023-02-10 06:00:00,6.5
2023-02-10 12:00:00,6.7
2023-02-10 18:00:00,6.5
2023-02-11 06:00:00,6.4
2023-02-11 12:00:00,6.6
2023-02-11 18:00:00,6.4
2023-02-12 06:00:00,6.3
2023-02-12 12:00:00,6.4
2023-02-12 18:00:00,6.4
2023-02-13 06:00:00,6.1
2023-02-13 12:00:00,6.4
2023-02-13 18:00:00,6.2
2023-02-14 06:00:00,6.1
2023-02-14 12:00:00,6.4
2023-02-14 18:00:00,6.3
2023-02-15 06:00:00,6.1
2023-02-15 12:00:00,6.2
2023-02-15 18:00:00,6.1
2023-02-16 06:00:00,5.9
2023-02-16 12:00:00,6.4
2023-02-16 18:00:00,6.2
2023-02-17 06:00:00,6.1
2023-02-17 12:00:00,6.4
2023-02-17 18:00:00,6.4
2023-02-18 06:00:00,6.1
2023-02-18 12:00:00,6.2
2023-02-18 18:00:00,6.2
2023-02-19 06:00:00,6.1
2023-02-19 12:00:00,6.4
2023-02-19 18:00:00,6.4
2023-02-20 06:00:00,6.1
2023-02-20 12:00:00,6.3
2023-02-20 18:00:00,6.1
2023-02-21 06:00:00,6.0
2023-02-21 12:00:00,6.3
2023-02-21 18:00:00,6.3
2023-02-22 06:00:00,6.1
2023-02-22 12:00:00,6.5
2023-02-22 18:00:00,6.3
2023-02-23 06:00:00,6.2
2023-02-23 12:00:00,6.2
2023-02-23 18:00:00,6.2
2023-02-24 06:00:00,6.1
2023-02-24 12:00:00,6.5
2023-02-24 18:00:00,6.4
2023-02-25 06:00:00,6.2
2023-02-25 12:00:00,6.6
2023-02-25 18:00:00,6.4
2023-02-26 06:00:00,6.3
2023-02-26 12:00:00,6.4
2023-02-26 18:00:00,6.4
2023-02-27 06:00:00,6.3
2023-02-27 12:00:00,6.7
2023-02-27 18:00:00,6.8
2023-02-28 06:00:00,6.4
2023-02-28 12:00:00,6.4
2023-02-28 18:00:00,6.4
2023-03-01 06:00:00,6.4
2023-03-01 12:00:00,6.5
2023-03-01 18:00:00,6.5
2023-03-02 06:00:00,6.4
2023-03-02 12:00:00,6.5
2023-03-02 18:00:00,6.5
2023-03-03 06:00:00,6.4
2023-03-03 12:00:00,6.8
2023-03-03 18:00:00,6.8
2023-03-04 06:00:00,6.6
2023-03-04 12:00:00,7.1
2023-03-04 18:00:00,6.9
2023-03-05 06:00:00,6.6
2023-03-05 12:00:00,7.3
2023-03-05 18:00:00,6.9
2023-03-06 06:00:00,6.6
2023-03-06 12:00:00,7.0
2023-03-06 18:00:00,7.0
2023-03-07 06:00:00,6.7
2023-03-07 12:00:00,7.2
2023-03-07 18:00:00,7.2
2023-03-08 06:00:00,6.9
2023-03-08 12:00:00,7.7
2023-03-08 18:00:00,7.6
2023-03-09 06:00:00,7.1
2023-03-09 12:00:00,7.9
2023-03-09 18:00:00,7.7
2023-03-10 06:00:00,7.3
2023-03-10 12:00:00,8.0
2023-03-10 18:00:00,7.9
2023-03-11 06:00:00,7.7
2023-03-11 12:00:00,8.1
2023-03-11 18:00:00,7.9
2023-03-12 06:00:00,7.4
2023-03-12 12:00:00,7.8
2023-03-12 18:00:00,7.6
2023-03-13 06:00:00,7.5
2023-03-13 12:00:00,7.8
2023-03-13 18:00:00,7.7
2023-03-14 06:00:00,7.6
2023-03-14 12:00:00,8.2
2023-03-14 18:00:00,8.0
2023-03-15 06:00:00,7.8
2023-03-15 12:00:00,8.0
2023-03-15 18:00:00,8.0
2023-03-16 06:00:00,8.0
2023-03-16 12:00:00,8.1
2023-03-16 18:00:00,8.1
2023-03-17 06:00:00,8.0
2023-03-17 12:00:00,8.2
2023-03-17 18:00:00,8.2
2023-03-18 06:00:00,8.1
2023-03-18 12:00:00,8.2
2023-03-18 18:00:00,8.1
2023-03-19 06:00:00,8.1
2023-03-19 12:00:00,8.4
2023-03-19 18:00:00,8.3
2023-03-20 06:00:00,8.2
2023-03-20 12:00:00,8.6
2023-03-20 18:00:00,8.6
2023-03-21 06:00:00,8.5
2023-03-21 12:00:00,8.7
2023-03-21 18:00:00,8.7
2023-03-22 06:00:00,8.6
2023-03-22 12:00:00,8.6
2023-03-22 18:00:00,8.6
2023-03-23 06:00:00,8.5
2023-03-23 12:00:00,9.1
2023-03-23 18:00:00,8.9
2023-03-24 06:00:00,8.6
2023-03-24 12:00:00,9.3
2023-03-24 18:00:00,9.2
2023-03-25 06:00:00,8.8
2023-03-25 12:00:00,9.2
2023-03-25 18:00:00,9.3
2023-03-26 06:00:00,9.0
2023-03-26 12:00:00,9.2
2023-03-26 18:00:00,9.3
2023-03-27 06:00:00,9.1
2023-03-27 12:00:00,9.4
2023-03-27 18:00:00,9.3
2023-03-28 06:00:00,9.1
2023-03-28 12:00:00,9.1
2023-03-28 18:00:00,9.1
2023-03-29 06:00:00,9.0
2023-03-29 12:00:00,9.1
2023-03-29 18:00:00,9.0
2023-03-30 06:00:00,8.9
2023-03-30 12:00:00,9.1
2023-03-30 18:00:00,9.1
2023-03-31 06:00:00,8.9
2023-03-31 12:00:00,9.0
2023-03-31 18:00:00,9.0
2023-04-01 06:00:00,8.9
2023-04-01 12:00:00,9.3
2023-04-01 18:00:00,9.4
2023-04-02 06:00:00,9.0
2023-04-02 12:00:00,9.4
2023-04-02 18:00:00,9.5
2023-04-03 06:00:00,9.2
2023-04-03 12:00:00,10.0
2023-04-03 18:00:00,9.5
2023-04-04 06:00:00,9.2
2023-04-04 12:00:00,9.4
2023-04-04 18:00:00,9.3
2023-04-05 06:00:00,9.2
2023-04-05 12:00:00,9.3
2023-04-05 18:00:00,9.3
2023-04-06 06:00:00,9.2
2023-04-06 12:00:00,9.4
2023-04-06 18:00:00,9.3
2023-04-07 06:00:00,9.2
2023-04-07 12:00:00,9.8
2023-04-07 18:00:00,9.6
2023-04-08 06:00:00,9.4
2023-04-08 12:00:00,9.9
2023-04-08 18:00:00,9.9
2023-04-09 06:00:00,9.5
2023-04-09 12:00:00,10.2
2023-04-09 18:00:00,10.1
2023-04-10 06:00:00,9.7
2023-04-10 12:00:00,9.8
2023-04-10 18:00:00,9.7
2023-04-11 06:00:00,9.6
2023-04-11 12:00:00,9.6
2023-04-11 18:00:00,9.6
2023-04-12 06:00:00,9.6
2023-04-12 12:00:00,9.7
2023-04-12 18:00:00,9.7
2023-04-13 06:00:00,9.7
2023-04-13 12:00:00,10.3
2023-04-13 18:00:00,10.2
2023-04-14 06:00:00,10.0
2023-04-14 12:00:00,10.4
2023-04-14 18:00:00,10.5
2023-04-15 06:00:00,10.3
2023-04-15 12:00:00,11.1
2023-04-15 18:00:00,11.1
2023-04-16 06:00:00,10.8
2023-04-16 12:00:00,11.4
2023-04-16 18:00:00,11.2
2023-04-17 06:00:00,10.7
2023-04-17 12:00:00,10.7
2023-04-17 18:00:00,10.6
2023-04-18 06:00:00,10.5
2023-04-18 12:00:00,10.9
2023-04-18 18:00:00,10.9
2023-04-19 06:00:00,10.7
2023-04-19 12:00:00,10.9
2023-04-19 18:00:00,11.0
2023-04-20 06:00:00,10.7
2023-04-20 12:00:00,10.9
2023-04-20 18:00:00,11.0
2023-04-21 06:00:00,10.8
2023-04-21 12:00:00,11.2
2023-04-21 18:00:00,11.1
2023-04-22 06:00:00,10.9
2023-04-22 12:00:00,12.1
2023-04-22 18:00:00,11.6
2023-04-23 06:00:00,11.2
2023-04-23 12:00:00,12.5
2023-04-23 18:00:00,12.4
2023-04-24 06:00:00,11.7
2023-04-24 12:00:00,12.1
2023-04-24 18:00:00,12.1
2023-04-25 06:00:00,11.8
2023-04-25 12:00:00,12.4
2023-04-25 18:00:00,12.5
2023-04-26 06:00:00,12.1
2023-04-26 12:00:00,12.7
2023-04-26 18:00:00,12.6
2023-04-27 06:00:00,11.7
2023-04-27 12:00:00,11.8
2023-04-27 18:00:00,11.8
2023-04-28 06:00:00,11.6
2023-04-28 12:00:00,11.7
2023-04-28 18:00:00,11.7
2023-04-29 06:00:00,11.5
2023-04-29 12:00:00,12.2
2023-04-29 18:00:00,12.2
2023-04-30 06:00:00,11.7
2023-04-30 12:00:00,13.0
2023-04-30 18:00:00,12.9
2023-05-01 06:00:00,12.1
2023-05-01 12:00:00,12.9
2023-05-01 18:00:00,13.0
2023-05-02 06:00:00,12.3
2023-05-02 12:00:00,13.6
2023-05-02 18:00:00,13.1
2023-05-03 06:00:00,12.7
2023-05-03 12:00:00,13.0
2023-05-03 18:00:00,12.9
2023-05-04 06:00:00,12.8
2023-05-04 12:00:00,13.3
2023-05-04 18:00:00,13.3
2023-05-05 06:00:00,13.2
2023-05-05 12:00:00,14.0
2023-05-05 18:00:00,14.1
2023-05-06 06:00:00,13.5
2023-05-06 12:00:00,13.7
2023-05-06 18:00:00,13.7
2023-05-07 06:00:00,13.5
2023-05-07 12:00:00,13.9
2023-05-07 18:00:00,13.7
2023-05-08 06:00:00,13.6
2023-05-08 12:00:00,14.0
2023-05-08 18:00:00,13.8
2023-05-09 06:00:00,13.7
2023-05-09 12:00:00,13.8
2023-05-09 18:00:00,13.8
2023-05-10 06:00:00,13.7
2023-05-10 12:00:00,13.8
2023-05-10 18:00:00,13.7
2023-05-11 06:00:00,13.5
2023-05-11 12:00:00,13.7
2023-05-11 18:00:00,13.6
2023-05-12 06:00:00,13.5
2023-05-12 12:00:00,13.6
2023-05-12 18:00:00,13.6
2023-05-13 06:00:00,13.5
2023-05-13 12:00:00,14.8
2023-05-13 18:00:00,14.4
2023-05-14 06:00:00,13.8
2023-05-14 12:00:00,14.8
2023-05-14 18:00:00,14.6
2023-05-15 06:00:00,14.1
2023-05-15 12:00:00,14.9
2023-05-15 18:00:00,15.0
2023-05-16 06:00:00,14.6
2023-05-16 12:00:00,15.3
2023-05-16 18:00:00,15.1
2023-05-17 06:00:00,14.9
2023-05-17 12:00:00,15.1
2023-05-17 18:00:00,15.0
2023-05-18 06:00:00,14.8
2023-05-18 12:00:00,15.0
2023-05-18 18:00:00,14.9
2023-05-19 06:00:00,14.9
2023-05-19 12:00:00,15.4
2023-05-19 18:00:00,15.6
2023-05-20 06:00:00,15.2
2023-05-20 12:00:00,15.5
2023-05-20 18:00:00,15.5
2023-05-21 06:00:00,15.3
2023-05-21 12:00:00,15.8
2023-05-21 18:00:00,15.7
2023-05-22 06:00:00,15.6
2023-05-22 12:00:00,16.2
2023-05-22 18:00:00,16.1
2023-05-23 06:00:00,16.0
2023-05-23 12:00:00,16.5
2023-05-23 18:00:00,16.6
2023-05-24 06:00:00,16.5
2023-05-24 12:00:00,17.4
2023-05-24 18:00:00,17.5
2023-05-25 06:00:00,17.0
2023-05-25 12:00:00,18.3
2023-05-25 18:00:00,18.5
2023-05-26 06:00:00,17.5
2023-05-26 12:00:00,18.4
2023-05-26 18:00:00,18.5
2023-05-27 06:00:00,17.7
2023-05-27 12:00:00,18.5
2023-05-27 18:00:00,18.5
2023-05-28 06:00:00,17.7
2023-05-28 12:00:00,17.9
2023-05-28 18:00:00,18.0
2023-05-29 06:00:00,17.8
2023-05-29 12:00:00,18.2
2023-05-29 18:00:00,18.3
2023-05-30 06:00:00,18.2
2023-05-30 12:00:00,18.7
2023-05-30 18:00:00,18.9
2023-05-31 06:00:00,18.4
2023-05-31 12:00:00,19.2
2023-05-31 18:00:00,19.4
2023-06-01 06:00:00,19.0
2023-06-01 12:00:00,20.3
2023-06-01 18:00:00,20.3
2023-06-02 06:00:00,19.6
2023-06-02 12:00:00,20.7
2023-06-02 18:00:00,20.7
2023-06-03 06:00:00,20.1
2023-06-03 12:00:00,21.1
2023-06-03 18:00:00,21.1
2023-06-04 06:00:00,19.9
2023-06-04 12:00:00,19.9
2023-06-04 18:00:00,19.9
2023-06-05 06:00:00,19.7
2023-06-05 12:00:00,20.0
2023-06-05 18:00:00,20.0
2023-06-06 06:00:00,19.9
2023-06-06 12:00:00,20.1
2023-06-06 18:00:00,20.2
2023-06-07 06:00:00,20.1
2023-06-07 12:00:00,20.5
2023-06-07 18:00:00,20.5
2023-06-08 06:00:00,20.3
2023-06-08 12:00:00,20.6
2023-06-08 18:00:00,20.6
2023-06-09 06:00:00,20.5
2023-06-09 12:00:00,21.4
2023-06-09 18:00:00,21.4
2023-06-10 06:00:00,20.9
2023-06-10 12:00:00,21.5
2023-06-10 18:00:00,21.6
2023-06-11 06:00:00,21.3
2023-06-11 12:00:00,22.1
2023-06-11 18:00:00,22.3
2023-06-12 06:00:00,21.5
2023-06-12 12:00:00,21.7
2023-06-12 18:00:00,21.6
2023-06-13 06:00:00,21.4
2023-06-13 12:00:00,21.7
2023-06-13 18:00:00,21.6
2023-06-14 06:00:00,21.5
2023-06-14 12:00:00,22.0
2023-06-14 18:00:00,22.0
2023-06-15 06:00:00,21.8
2023-06-15 12:00:00,22.5
2023-06-15 18:00:00,22.5
2023-06-16 06:00:00,22.1
2023-06-16 12:00:00,22.6
2023-06-16 18:00:00,22.7
2023-06-17 06:00:00,22.4
2023-06-17 12:00:00,22.7
2023-06-17 18:00:00,22.7
2023-06-18 06:00:00,22.5
2023-06-18 12:00:00,23.3
2023-06-18 18:00:00,23.0
2023-06-19 06:00:00,22.7
2023-06-19 12:00:00,23.3
2023-06-19 18:00:00,23.2
2023-06-20 06:00:00,22.9
2023-06-20 12:00:00,23.8
2023-06-20 18:00:00,23.4
2023-06-21 06:00:00,23.0
2023-06-21 12:00:00,24.1
2023-06-21 18:00:00,23.9
2023-06-22 06:00:00,23.3
2023-06-22 12:00:00,23.8
2023-06-22 18:00:00,23.9
2023-06-23 06:00:00,23.6
2023-06-23 12:00:00,24.3
2023-06-23 18:00:00,24.3
2023-06-24 06:00:00,23.8
2023-06-24 12:00:00,24.5
2023-06-24 18:00:00,24.5
2023-06-25 06:00:00,24.0
2023-06-25 12:00:00,24.6
2023-06-25 18:00:00,24.5
2023-06-26 06:00:00,23.9
2023-06-26 12:00:00,24.3
2023-06-26 18:00:00,24.3
2023-06-27 06:00:00,23.6
2023-06-27 12:00:00,24.2
2023-06-27 18:00:00,24.2
2023-06-28 06:00:00,23.7
2023-06-28 12:00:00,24.8
2023-06-28 18:00:00,24.4
2023-06-29 06:00:00,23.5
2023-06-29 12:00:00,23.8
2023-06-29 18:00:00,23.7
2023-06-30 06:00:00,23.4
2023-06-30 12:00:00,24.1
2023-06-30 18:00:00,23.8
2023-07-01 06:00:00,23.5
2023-07-01 12:00:00,24.0
2023-07-01 18:00:00,23.8
2023-07-02 06:00:00,23.5
2023-07-02 12:00:00,24.0
2023-07-02 18:00:00,24.0
2023-07-03 06:00:00,23.8
2023-07-03 12:00:00,24.4
2023-07-03 18:00:00,24.5
2023-07-04 06:00:00,24.0
2023-07-04 12:00:00,24.7
2023-07-04 18:00:00,24.8
2023-07-05 06:00:00,24.3
2023-07-05 12:00:00,24.8
2023-07-05 18:00:00,24.8
2023-07-06 06:00:00,24.4
2023-07-06 12:00:00,25.6
2023-07-06 18:00:00,25.7
2023-07-07 06:00:00,24.5
2023-07-07 12:00:00,25.2
2023-07-07 18:00:00,25.3
2023-07-08 06:00:00,24.4
2023-07-08 12:00:00,24.4
2023-07-08 18:00:00,24.1
2023-07-09 06:00:00,23.8
2023-07-09 12:00:00,23.9
2023-07-09 18:00:00,23.8
2023-07-10 06:00:00,23.7
2023-07-10 12:00:00,24.7
2023-07-10 18:00:00,24.7
2023-07-11 06:00:00,23.9
2023-07-11 12:00:00,24.4
2023-07-11 18:00:00,24.3
2023-07-12 06:00:00,23.9
2023-07-12 12:00:00,24.4
2023-07-12 18:00:00,24.4
2023-07-13 06:00:00,24.1
2023-07-13 12:00:00,25.0
2023-07-13 18:00:00,25.1
2023-07-14 06:00:00,24.6
2023-07-14 12:00:00,25.5
2023-07-14 18:00:00,25.3
2023-07-15 06:00:00,24.9
2023-07-15 12:00:00,25.2
2023-07-15 18:00:00,25.2
2023-07-16 06:00:00,24.9
2023-07-16 12:00:00,25.6
2023-07-16 18:00:00,25.5
2023-07-17 06:00:00,25.2
2023-07-17 12:00:00,25.8
2023-07-17 18:00:00,25.8
2023-07-18 06:00:00,25.2
2023-07-18 12:00:00,25.7
2023-07-18 18:00:00,25.5
2023-07-19 06:00:00,25.1
2023-07-19 12:00:00,25.9
2023-07-19 18:00:00,25.8
2023-07-20 06:00:00,25.3
2023-07-20 12:00:00,25.8
2023-07-20 18:00:00,25.9
2023-07-21 06:00:00,25.3
2023-07-21 12:00:00,25.6
2023-07-21 18:00:00,25.3
2023-07-22 06:00:00,25.1
2023-07-22 12:00:00,25.6
2023-07-22 18:00:00,25.7
2023-07-23 06:00:00,25.2
2023-07-23 12:00:00,25.6
2023-07-23 18:00:00,25.3
2023-07-24 06:00:00,25.0
2023-07-24 12:00:00,25.6
2023-07-24 18:00:00,25.4
2023-07-25 06:00:00,25.0
2023-07-25 12:00:00,25.3
2023-07-25 18:00:00,25.2
2023-07-26 06:00:00,24.7
2023-07-26 12:00:00,25.2
2023-07-26 18:00:00,25.4
2023-07-27 06:00:00,24.1
2023-07-27 12:00:00,24.0
2023-07-27 18:00:00,23.7
2023-07-28 06:00:00,23.3
2023-07-28 12:00:00,23.8
2023-07-28 18:00:00,23.4
2023-07-29 06:00:00,23.1
2023-07-29 12:00:00,23.5
2023-07-29 18:00:00,23.5
2023-07-30 06:00:00,23.3
2023-07-30 12:00:00,23.9
2023-07-30 18:00:00,23.7
2023-07-31 06:00:00,23.3
2023-07-31 12:00:00,24.0
2023-07-31 18:00:00,23.9
2023-08-01 06:00:00,23.3
2023-08-01 12:00:00,23.9
2023-08-01 18:00:00,23.9
2023-08-02 06:00:00,23.5
2023-08-02 12:00:00,23.8
2023-08-02 18:00:00,23.8
2023-08-03 06:00:00,23.5
2023-08-03 12:00:00,24.7
2023-08-03 18:00:00,24.9
2023-08-04 06:00:00,24.4
2023-08-04 12:00:00,25.4
2023-08-04 18:00:00,25.1
2023-08-05 06:00:00,24.5
2023-08-05 12:00:00,24.7
2023-08-05 18:00:00,24.7
2023-08-06 06:00:00,24.5
2023-08-06 12:00:00,25.3
2023-08-06 18:00:00,25.1
2023-08-07 06:00:00,24.1
2023-08-07 12:00:00,24.1
2023-08-07 18:00:00,24.2
2023-08-08 06:00:00,23.7
2023-08-08 12:00:00,23.3
2023-08-08 18:00:00,23.2
2023-08-09 06:00:00,22.9
2023-08-09 12:00:00,23.1
2023-08-09 18:00:00,23.0
2023-08-10 06:00:00,22.8
2023-08-10 12:00:00,23.0
2023-08-10 18:00:00,23.0
2023-08-11 06:00:00,22.9
2023-08-11 12:00:00,23.3
2023-08-11 18:00:00,23.3
2023-08-12 06:00:00,23.0
2023-08-12 12:00:00,23.3
2023-08-12 18:00:00,23.3
2023-08-13 06:00:00,23.3
2023-08-13 12:00:00,23.5
2023-08-13 18:00:00,23.6
2023-08-14 06:00:00,23.6
2023-08-14 12:00:00,23.8
2023-08-14 18:00:00,23.8
2023-08-15 06:00:00,23.7
2023-08-15 12:00:00,23.8
2023-08-15 18:00:00,23.8
2023-08-16 06:00:00,23.8
2023-08-16 12:00:00,24.0
2023-08-16 18:00:00,24.0
2023-08-17 06:00:00,24.0
2023-08-17 12:00:00,24.3
2023-08-17 18:00:00,24.3
2023-08-18 06:00:00,24.3
2023-08-18 12:00:00,24.5
2023-08-18 18:00:00,24.5
2023-08-19 06:00:00,24.5
2023-08-19 12:00:00,24.6
2023-08-19 18:00:00,24.6
2023-08-20 06:00:00,24.6
2023-08-20 12:00:00,25.0
2023-08-20 18:00:00,25.0
2023-08-21 06:00:00,24.8
2023-08-21 12:00:00,25.4
2023-08-21 18:00:00,25.2
2023-08-22 06:00:00,25.0
2023-08-22 12:00:00,25.6
2023-08-22 18:00:00,25.5
2023-08-23 06:00:00,25.3
2023-08-23 12:00:00,26.3
2023-08-23 18:00:00,26.2
2023-08-24 06:00:00,25.7
2023-08-24 12:00:00,26.4
2023-08-24 18:00:00,26.2
2023-08-25 06:00:00,25.9
2023-08-25 12:00:00,26.4
2023-08-25 18:00:00,26.3
2023-08-26 06:00:00,25.9
2023-08-26 12:00:00,26.4
2023-08-26 18:00:00,26.1
2023-08-27 06:00:00,25.8
2023-08-27 12:00:00,26.0
2023-08-27 18:00:00,26.0
2023-08-28 06:00:00,25.8
2023-08-28 12:00:00,26.4
2023-08-28 18:00:00,26.3
2023-08-29 06:00:00,26.0
2023-08-29 12:00:00,26.8
2023-08-29 18:00:00,26.8
2023-08-30 06:00:00,26.3
2023-08-30 12:00:00,26.7
2023-08-30 18:00:00,26.7
2023-08-31 06:00:00,26.5
2023-08-31 12:00:00,27.4
2023-08-31 18:00:00,26.9
2023-09-01 06:00:00,26.4
2023-09-01 12:00:00,26.9
2023-09-01 18:00:00,26.7
2023-09-02 06:00:00,26.3
2023-09-02 12:00:00,26.4
2023-09-02 18:00:00,26.3
2023-09-03 06:00:00,26.1
2023-09-03 12:00:00,26.2
2023-09-03 18:00:00,26.2
2023-09-04 06:00:00,26.0
2023-09-04 12:00:00,26.0
2023-09-04 18:00:00,25.8
2023-09-05 06:00:00,25.6
2023-09-05 12:00:00,25.6
2023-09-05 18:00:00,25.5
2023-09-06 06:00:00,25.4
2023-09-06 12:00:00,25.4
2023-09-06 18:00:00,25.4
2023-09-07 06:00:00,25.2
2023-09-07 12:00:00,25.3
2023-09-07 18:00:00,25.2
2023-09-08 06:00:00,25.1
2023-09-08 12:00:00,25.1
2023-09-08 18:00:00,25.0
2023-09-09 06:00:00,24.8
2023-09-09 12:00:00,25.0
2023-09-09 18:00:00,24.9
2023-09-10 06:00:00,24.7
2023-09-10 12:00:00,24.8
2023-09-10 18:00:00,24.7
2023-09-11 06:00:00,24.5
2023-09-11 12:00:00,24.6
2023-09-11 18:00:00,24.5
2023-09-12 06:00:00,24.4
2023-09-12 12:00:00,24.7
2023-09-12 18:00:00,24.4
2023-09-13 06:00:00,24.3
2023-09-13 12:00:00,24.5
2023-09-13 18:00:00,24.4
2023-09-14 06:00:00,24.2
2023-09-14 12:00:00,24.5
2023-09-14 18:00:00,24.4
2023-09-15 06:00:00,24.2
2023-09-15 12:00:00,24.7
2023-09-15 18:00:00,24.6
2023-09-16 06:00:00,24.3
2023-09-16 12:00:00,24.5
2023-09-16 18:00:00,24.4
2023-09-17 06:00:00,24.2
2023-09-17 12:00:00,24.3
2023-09-17 18:00:00,24.2
2023-09-18 06:00:00,24.1
2023-09-18 12:00:00,24.1
2023-09-18 18:00:00,24.0
2023-09-19 06:00:00,23.9
2023-09-19 12:00:00,24.1
2023-09-19 18:00:00,24.0
2023-09-20 06:00:00,23.9
2023-09-20 12:00:00,24.2
2023-09-20 18:00:00,24.1
2023-09-21 06:00:00,23.9
2023-09-21 12:00:00,24.2
2023-09-21 18:00:00,24.1
2023-09-22 06:00:00,23.9
2023-09-22 12:00:00,24.1
2023-09-22 18:00:00,24.0
2023-09-23 06:00:00,24.0
2023-09-23 12:00:00,24.4
2023-09-23 18:00:00,24.3
2023-09-24 06:00:00,24.1
2023-09-24 12:00:00,24.3
2023-09-24 18:00:00,24.2
2023-09-25 06:00:00,24.0
2023-09-25 12:00:00,24.1
2023-09-25 18:00:00,24.1
2023-09-26 06:00:00,23.9
2023-09-26 12:00:00,24.0
2023-09-26 18:00:00,23.9
2023-09-27 06:00:00,23.8
2023-09-27 12:00:00,23.8
2023-09-27 18:00:00,23.7
2023-09-28 06:00:00,23.6
2023-09-28 12:00:00,23.6
2023-09-28 18:00:00,23.5
2023-09-29 06:00:00,23.4
2023-09-29 12:00:00,23.6
2023-09-29 18:00:00,23.5
2023-09-30 06:00:00,23.3
2023-09-30 12:00:00,23.4
2023-09-30 18:00:00,23.3
2023-10-01 06:00:00,23.1
2023-10-01 12:00:00,23.2
2023-10-01 18:00:00,23.1
2023-10-02 06:00:00,22.9
2023-10-02 12:00:00,22.8
2023-10-02 18:00:00,22.7
2023-10-03 06:00:00,22.5
2023-10-03 12:00:00,22.6
2023-10-03 18:00:00,22.5
2023-10-04 06:00:00,22.3
2023-10-04 12:00:00,22.5
2023-10-04 18:00:00,22.3
2023-10-05 06:00:00,22.2
2023-10-05 12:00:00,22.5
2023-10-05 18:00:00,22.4
2023-10-06 06:00:00,22.2
2023-10-06 12:00:00,22.7
2023-10-06 18:00:00,22.3
2023-10-07 06:00:00,22.2
2023-10-07 12:00:00,22.4
2023-10-07 18:00:00,22.2
2023-10-08 06:00:00,22.0
2023-10-08 12:00:00,22.1
2023-10-08 18:00:00,22.1
2023-10-09 06:00:00,21.8
2023-10-09 12:00:00,21.9
2023-10-09 18:00:00,21.8
2023-10-10 06:00:00,21.6
2023-10-10 12:00:00,21.7
2023-10-10 18:00:00,21.6
2023-10-11 06:00:00,21.3
2023-10-11 12:00:00,21.4
2023-10-11 18:00:00,21.3
2023-10-12 06:00:00,21.2
2023-10-12 12:00:00,21.4
2023-10-12 18:00:00,21.2
2023-10-13 06:00:00,21.1
2023-10-13 12:00:00,21.4
2023-10-13 18:00:00,21.3
2023-10-14 06:00:00,21.1
2023-10-14 12:00:00,21.4
2023-10-14 18:00:00,21.2
2023-10-15 06:00:00,21.1
2023-10-15 12:00:00,21.4
2023-10-15 18:00:00,21.2
2023-10-16 06:00:00,21.1
2023-10-16 12:00:00,21.0
2023-10-16 18:00:00,20.9
2023-10-17 06:00:00,20.7
2023-10-17 12:00:00,20.8
2023-10-17 18:00:00,20.7
2023-10-18 06:00:00,20.6
2023-10-18 12:00:00,20.6
2023-10-18 18:00:00,20.5
2023-10-19 06:00:00,20.4
2023-10-19 12:00:00,20.5
2023-10-19 18:00:00,20.4
2023-10-20 06:00:00,20.3
2023-10-20 12:00:00,20.6
2023-10-20 18:00:00,20.5
2023-10-21 06:00:00,20.3
2023-10-21 12:00:00,20.6
2023-10-21 18:00:00,20.5
2023-10-22 06:00:00,20.3
2023-10-22 12:00:00,20.8
2023-10-22 18:00:00,20.5
2023-10-23 06:00:00,20.3
2023-10-23 12:00:00,20.8
2023-10-23 18:00:00,20.5
2023-10-24 06:00:00,20.2
2023-10-24 12:00:00,20.7
2023-10-24 18:00:00,20.4
2023-10-25 06:00:00,20.2
2023-10-25 12:00:00,20.4
2023-10-25 18:00:00,20.3
2023-10-26 06:00:00,20.2
2023-10-26 12:00:00,20.6
2023-10-26 18:00:00,20.3
2023-10-27 06:00:00,20.1
2023-10-27 12:00:00,20.4
2023-10-27 18:00:00,20.2
2023-10-28 06:00:00,20.1
2023-10-28 12:00:00,20.5
2023-10-28 18:00:00,20.3
2023-10-29 06:00:00,20.0
2023-10-29 12:00:00,20.3
2023-10-29 18:00:00,20.1
2023-10-30 06:00:00,19.9
2023-10-30 12:00:00,20.3
2023-10-30 18:00:00,20.0
2023-10-31 06:00:00,19.8
2023-10-31 12:00:00,20.0
2023-10-31 18:00:00,19.8
2023-11-01 06:00:00,19.6
2023-11-01 12:00:00,19.7
2023-11-01 18:00:00,19.6
2023-11-02 06:00:00,19.3
2023-11-02 12:00:00,19.2
2023-11-02 18:00:00,19.2
2023-11-03 06:00:00,19.0
2023-11-03 12:00:00,19.1
2023-11-03 18:00:00,19.0
2023-11-04 06:00:00,18.9
2023-11-04 12:00:00,18.9
2023-11-04 18:00:00,18.8
2023-11-05 06:00:00,18.5
2023-11-05 12:00:00,18.5
2023-11-05 18:00:00,18.3
2023-11-06 06:00:00,17.9
2023-11-06 12:00:00,18.0
2023-11-06 18:00:00,17.7
2023-11-07 06:00:00,17.3
2023-11-07 12:00:00,17.5
2023-11-07 18:00:00,17.1
2023-11-08 06:00:00,16.8
2023-11-08 12:00:00,17.1
2023-11-08 18:00:00,16.7
2023-11-09 06:00:00,16.3
2023-11-09 12:00:00,16.3
2023-11-09 18:00:00,16.1
2023-11-10 06:00:00,15.9
2023-11-10 12:00:00,15.9
2023-11-10 18:00:00,15.8
2023-11-11 06:00:00,15.6
2023-11-11 12:00:00,15.6
2023-11-11 18:00:00,15.5
2023-11-12 06:00:00,15.1
2023-11-12 12:00:00,15.0
2023-11-12 18:00:00,14.7
2023-11-13 06:00:00,14.3
2023-11-13 12:00:00,14.3
2023-11-13 18:00:00,14.2
2023-11-14 06:00:00,13.8
2023-11-14 12:00:00,13.9
2023-11-14 18:00:00,13.6
2023-11-15 06:00:00,13.2
2023-11-15 12:00:00,13.3
2023-11-15 18:00:00,13.1
2023-11-16 06:00:00,12.9
2023-11-16 12:00:00,12.9
2023-11-16 18:00:00,12.7
2023-11-17 06:00:00,12.5
2023-11-17 12:00:00,12.5
2023-11-17 18:00:00,12.3
2023-11-18 06:00:00,12.1
2023-11-18 12:00:00,12.0
2023-11-18 18:00:00,11.8
2023-11-19 06:00:00,11.4
2023-11-19 12:00:00,11.2
2023-11-19 18:00:00,11.0
2023-11-20 06:00:00,10.8
2023-11-20 12:00:00,10.8
2023-11-20 18:00:00,10.7
2023-11-21 06:00:00,10.5
2023-11-21 12:00:00,10.8
2023-11-21 18:00:00,10.5
2023-11-22 06:00:00,10.3
2023-11-22 12:00:00,10.7
2023-11-22 18:00:00,10.4
2023-11-23 06:00:00,10.2
2023-11-23 12:00:00,10.2
2023-11-23 18:00:00,10.1
2023-11-24 06:00:00,10.1
2023-11-24 12:00:00,10.3
2023-11-24 18:00:00,10.3
2023-11-25 06:00:00,10.3
2023-11-25 12:00:00,10.4
2023-11-25 18:00:00,10.3
2023-11-26 06:00:00,10.2
2023-11-26 12:00:00,10.1
2023-11-26 18:00:00,10.1
2023-11-27 06:00:00,10.0
2023-11-27 12:00:00,10.0
2023-11-27 18:00:00,10.1
2023-11-28 06:00:00,10.2
2023-11-28 12:00:00,10.2
2023-11-28 18:00:00,10.3
2023-11-29 06:00:00,10.3
2023-11-29 12:00:00,10.4
2023-11-29 18:00:00,10.3
2023-11-30 06:00:00,10.1
2023-11-30 12:00:00,10.3
2023-11-30 18:00:00,10.1
2023-12-01 06:00:00,10.1
2023-12-01 12:00:00,10.3
2023-12-01 18:00:00,10.3
2023-12-02 06:00:00,10.2
2023-12-02 12:00:00,10.5
2023-12-02 18:00:00,10.4
2023-12-03 06:00:00,10.3
2023-12-03 12:00:00,10.5
2023-12-03 18:00:00,10.4
2023-12-04 06:00:00,10.2
2023-12-04 12:00:00,10.1
2023-12-04 18:00:00,10.1
2023-12-05 06:00:00,10.1
2023-12-05 12:00:00,10.1
2023-12-05 18:00:00,10.0
2023-12-06 06:00:00,10.0
2023-12-06 12:00:00,10.0
2023-12-06 18:00:00,10.0
2023-12-07 06:00:00,10.0
2023-12-07 12:00:00,10.0
2023-12-07 18:00:00,10.0
2023-12-08 06:00:00,9.9
2023-12-08 12:00:00,10.0
2023-12-08 18:00:00,9.9
2023-12-09 06:00:00,9.8
2023-12-09 12:00:00,9.8
2023-12-09 18:00:00,9.8
2023-12-10 06:00:00,9.8
2023-12-10 12:00:00,9.8
2023-12-10 18:00:00,9.8
2023-12-11 06:00:00,9.8
2023-12-11 12:00:00,9.9
2023-12-11 18:00:00,9.8
2023-12-12 06:00:00,9.7
2023-12-12 12:00:00,9.8
2023-12-12 18:00:00,9.7
2023-12-13 06:00:00,9.6
2023-12-13 12:00:00,9.7
2023-12-13 18:00:00,9.7
2023-12-14 06:00:00,9.6
2023-12-14 12:00:00,9.8
2023-12-14 18:00:00,9.7
2023-12-15 06:00:00,9.6
2023-12-15 12:00:00,9.5
2023-12-15 18:00:00,9.5
2023-12-16 06:00:00,9.4
2023-12-16 12:00:00,9.3
2023-12-16 18:00:00,9.3
2023-12-17 06:00:00,9.2
2023-12-17 12:00:00,9.3
2023-12-17 18:00:00,9.3
2023-12-18 06:00:00,9.3
2023-12-18 12:00:00,9.4
2023-12-18 18:00:00,9.3
2023-12-19 06:00:00,9.2
2023-12-19 12:00:00,9.5
2023-12-19 18:00:00,9.3
2023-12-20 06:00:00,9.2
2023-12-20 12:00:00,9.5
2023-12-20 18:00:00,9.3
2023-12-21 06:00:00,9.3
2023-12-21 12:00:00,9.3
2023-12-21 18:00:00,9.2
2023-12-22 06:00:00,9.2
2023-12-22 12:00:00,9.2
2023-12-22 18:00:00,9.2
2023-12-23 06:00:00,9.2
2023-12-23 12:00:00,9.2
2023-12-23 18:00:00,9.2
2023-12-24 06:00:00,9.1
2023-12-24 12:00:00,9.3
2023-12-24 18:00:00,9.2
2023-12-25 06:00:00,9.3
2023-12-25 12:00:00,9.5
2023-12-25 18:00:00,9.5
2023-12-26 06:00:00,9.4
2023-12-26 12:00:00,9.8
2023-12-26 18:00:00,9.6
2023-12-27 06:00:00,9.6
2023-12-27 12:00:00,9.8
2023-12-27 18:00:00,9.6
2023-12-28 06:00:00,9.5
2023-12-28 12:00:00,9.7
2023-12-28 18:00:00,9.6
2023-12-29 06:00:00,9.5
2023-12-29 12:00:00,9.6
2023-12-29 18:00:00,9.5
2023-12-30 06:00:00,9.3
2023-12-30 12:00:00,9.5
2023-12-30 18:00:00,9.4
2023-12-31 06:00:00,9.3
2023-12-31 12:00:00,9.6
2023-12-31 18:00:00,9.4
2024-01-01 06:00:00,9.3
2024-01-01 12:00:00,9.4
2024-01-01 18:00:00,9.3
2024-01-02 06:00:00,9.2
2024-01-02 12:00:00,9.2
2024-01-02 18:00:00,9.1
2024-01-03 06:00:00,9.1
2024-01-03 12:00:00,9.2
2024-01-03 18:00:00,9.1
2024-01-04 06:00:00,9.1
2024-01-04 12:00:00,9.4
2024-01-04 18:00:00,9.2
2024-01-05 06:00:00,9.2
2024-01-05 12:00:00,9.3
2024-01-05 18:00:00,9.3
2024-01-06 06:00:00,9.3
2024-01-06 12:00:00,9.4
2024-01-06 18:00:00,9.4
2024-01-07 06:00:00,9.4
2024-01-07 12:00:00,9.5
2024-01-07 18:00:00,9.5
2024-01-08 06:00:00,9.5
2024-01-08 12:00:00,9.4
2024-01-08 18:00:00,9.4
2024-01-09 06:00:00,9.2
2024-01-09 12:00:00,9.2
2024-01-09 18:00:00,9.0
2024-01-10 06:00:00,8.7
2024-01-10 12:00:00,8.7
2024-01-10 18:00:00,8.7
2024-01-11 06:00:00,8.6
2024-01-11 12:00:00,8.6
2024-01-11 18:00:00,8.6
2024-01-12 06:00:00,8.4
2024-01-12 12:00:00,8.4
2024-01-12 18:00:00,8.3
2024-01-13 06:00:00,8.1
2024-01-13 12:00:00,8.2
2024-01-13 18:00:00,8.1
2024-01-14 06:00:00,8.0
2024-01-14 12:00:00,8.1
2024-01-14 18:00:00,8.1
2024-01-15 06:00:00,8.0
2024-01-15 12:00:00,8.1
2024-01-15 18:00:00,8.1
2024-01-16 06:00:00,8.1
2024-01-16 12:00:00,8.1
2024-01-16 18:00:00,8.1
2024-01-17 06:00:00,7.9
2024-01-17 12:00:00,8.0
2024-01-17 18:00:00,8.0
2024-01-18 06:00:00,7.9
2024-01-18 12:00:00,8.1
2024-01-18 18:00:00,8.0
2024-01-19 06:00:00,7.9
2024-01-19 12:00:00,8.3
2024-01-19 18:00:00,8.2
2024-01-20 06:00:00,7.9
2024-01-20 12:00:00,7.8
2024-01-20 18:00:00,7.7
2024-01-21 06:00:00,7.6
2024-01-21 12:00:00,7.7
2024-01-21 18:00:00,7.6
2024-01-22 06:00:00,7.5
2024-01-22 12:00:00,7.5
2024-01-22 18:00:00,7.5
2024-01-23 06:00:00,7.4
2024-01-23 12:00:00,7.6
2024-01-23 18:00:00,7.4
2024-01-24 06:00:00,7.3
2024-01-24 12:00:00,7.4
2024-01-24 18:00:00,7.3
2024-01-25 06:00:00,7.2
2024-01-25 12:00:00,7.4
2024-01-25 18:00:00,7.4
2024-01-26 06:00:00,7.3
2024-01-26 12:00:00,7.3
2024-01-26 18:00:00,7.3
2024-01-27 06:00:00,7.2
2024-01-27 12:00:00,7.3
2024-01-27 18:00:00,7.2
2024-01-28 06:00:00,7.2
2024-01-28 12:00:00,7.2
2024-01-28 18:00:00,7.1
2024-01-29 06:00:00,7.0
2024-01-29 12:00:00,6.9
2024-01-29 18:00:00,6.9
2024-01-30 06:00:00,6.8
2024-01-30 12:00:00,6.8
2024-01-30 18:00:00,6.7
2024-01-31 06:00:00,6.6
2024-01-31 12:00:00,6.8
2024-01-31 18:00:00,6.7
2024-02-01 06:00:00,6.6
2024-02-01 12:00:00,6.8
2024-02-01 18:00:00,6.7
2024-02-02 06:00:00,6.6
2024-02-02 12:00:00,6.7
2024-02-02 18:00:00,6.6
2024-02-03 06:00:00,6.6
2024-02-03 12:00:00,6.7
2024-02-03 18:00:00,6.6
2024-02-04 06:00:00,6.6
2024-02-04 12:00:00,6.9
2024-02-04 18:00:00,6.8
2024-02-05 06:00:00,6.6
2024-02-05 12:00:00,6.8
2024-02-05 18:00:00,6.8
2024-02-06 06:00:00,6.8
2024-02-06 12:00:00,6.9
2024-02-06 18:00:00,6.9
2024-02-07 06:00:00,6.9
2024-02-07 12:00:00,7.2
2024-02-07 18:00:00,7.2
2024-02-08 06:00:00,7.0
2024-02-08 12:00:00,7.6
2024-02-08 18:00:00,7.4
2024-02-09 06:00:00,7.1
2024-02-09 12:00:00,7.5
2024-02-09 18:00:00,7.5
2024-02-10 06:00:00,7.2
2024-02-10 12:00:00,7.7
2024-02-10 18:00:00,7.7
2024-02-11 06:00:00,7.5
2024-02-11 12:00:00,7.6
2024-02-11 18:00:00,7.6
2024-02-12 06:00:00,7.5
2024-02-12 12:00:00,7.6
2024-02-12 18:00:00,7.7
2024-02-13 06:00:00,7.6
2024-02-13 12:00:00,7.8
2024-02-13 18:00:00,7.7
2024-02-14 06:00:00,7.6
2024-02-14 12:00:00,7.8
2024-02-14 18:00:00,7.7
2024-02-15 06:00:00,7.7
2024-02-15 12:00:00,7.7
2024-02-15 18:00:00,7.7
2024-02-16 06:00:00,7.7
2024-02-16 12:00:00,7.7
2024-02-16 18:00:00,7.7
2024-02-17 06:00:00,7.6
2024-02-17 12:00:00,7.7
2024-02-17 18:00:00,7.6
2024-02-18 06:00:00,7.6
2024-02-18 12:00:00,7.9
2024-02-18 18:00:00,7.8
2024-02-19 06:00:00,7.7
2024-02-19 12:00:00,7.7
2024-02-19 18:00:00,7.6
2024-02-20 06:00:00,7.6
2024-02-20 12:00:00,7.8
2024-02-20 18:00:00,7.7
2024-02-21 06:00:00,7.6
2024-02-21 12:00:00,7.9
2024-02-21 18:00:00,7.8
2024-02-22 06:00:00,7.6
2024-02-22 12:00:00,8.0
2024-02-22 18:00:00,7.8
2024-02-23 06:00:00,7.7
2024-02-23 12:00:00,8.0
2024-02-23 18:00:00,8.0
2024-02-24 06:00:00,7.9
2024-02-24 12:00:00,8.2
2024-02-24 18:00:00,8.3
2024-02-25 06:00:00,8.1
2024-02-25 12:00:00,8.5
2024-02-25 18:00:00,8.4
2024-02-26 06:00:00,8.1
2024-02-26 12:00:00,8.4
2024-02-26 18:00:00,8.4
2024-02-27 06:00:00,8.2
2024-02-27 12:00:00,8.7
2024-02-27 18:00:00,8.6
2024-02-28 06:00:00,8.4
2024-02-28 12:00:00,8.6
2024-02-28 18:00:00,8.6
2024-02-29 06:00:00,8.5
2024-02-29 12:00:00,8.8
2024-02-29 18:00:00,8.8
2024-03-01 06:00:00,8.5
2024-03-01 12:00:00,8.7
2024-03-01 18:00:00,8.6
2024-03-02 06:00:00,8.5
2024-03-02 12:00:00,8.6
2024-03-02 18:00:00,8.5
2024-03-03 06:00:00,8.5
2024-03-03 12:00:00,8.8
2024-03-03 18:00:00,8.7
2024-03-04 06:00:00,8.4
2024-03-04 12:00:00,8.9
2024-03-04 18:00:00,8.8
2024-03-05 06:00:00,8.6
2024-03-05 12:00:00,8.7
2024-03-05 18:00:00,8.7
2024-03-06 06:00:00,8.5
2024-03-06 12:00:00,8.7
2024-03-06 18:00:00,8.7
2024-03-07 06:00:00,8.5
2024-03-07 12:00:00,8.6
2024-03-07 18:00:00,8.6
2024-03-08 06:00:00,8.5
2024-03-08 12:00:00,8.5
2024-03-08 18:00:00,8.4
2024-03-09 06:00:00,8.3
2024-03-09 12:00:00,8.6
2024-03-09 18:00:00,8.5
2024-03-10 06:00:00,8.3
2024-03-10 12:00:00,8.6
2024-03-10 18:00:00,8.5
2024-03-11 06:00:00,8.4
2024-03-11 12:00:00,8.8
2024-03-11 18:00:00,8.7
2024-03-12 06:00:00,8.5
2024-03-12 12:00:00,8.6
2024-03-12 18:00:00,8.6
2024-03-13 06:00:00,8.5
2024-03-13 12:00:00,8.9
2024-03-13 18:00:00,8.9
2024-03-14 06:00:00,8.6
2024-03-14 12:00:00,8.8
2024-03-14 18:00:00,8.7
2024-03-15 06:00:00,8.4
2024-03-15 12:00:00,8.8
2024-03-15 18:00:00,8.6
2024-03-16 06:00:00,8.5
2024-03-16 12:00:00,8.9
2024-03-16 18:00:00,8.8
2024-03-17 06:00:00,8.6
2024-03-17 12:00:00,9.0
2024-03-17 18:00:00,8.9
2024-03-18 06:00:00,8.7
2024-03-18 12:00:00,9.5
2024-03-18 18:00:00,9.2
2024-03-19 06:00:00,8.9
2024-03-19 12:00:00,9.2
2024-03-19 18:00:00,9.1
2024-03-20 06:00:00,8.9
2024-03-20 12:00:00,9.1
2024-03-20 18:00:00,9.1
2024-03-21 06:00:00,8.9
2024-03-21 12:00:00,9.3
2024-03-21 18:00:00,9.2
2024-03-22 06:00:00,8.9
2024-03-22 12:00:00,9.3
2024-03-22 18:00:00,9.2
2024-03-23 06:00:00,9.0
2024-03-23 12:00:00,9.5
2024-03-23 18:00:00,9.3
2024-03-24 06:00:00,9.1
2024-03-24 12:00:00,9.8
2024-03-24 18:00:00,9.7
2024-03-25 06:00:00,9.4
2024-03-25 12:00:00,9.4
2024-03-25 18:00:00,9.3
2024-03-26 06:00:00,9.2
2024-03-26 12:00:00,10.0
2024-03-26 18:00:00,9.6
2024-03-27 06:00:00,9.3
2024-03-27 12:00:00,9.4
2024-03-27 18:00:00,9.5
2024-03-28 06:00:00,9.4
2024-03-28 12:00:00,9.7
2024-03-28 18:00:00,9.9
2024-03-29 06:00:00,9.6
2024-03-29 12:00:00,10.8
2024-03-29 18:00:00,10.6
2024-03-30 06:00:00,10.2
2024-03-30 12:00:00,11.3
2024-03-30 18:00:00,11.4
2024-03-31 06:00:00,10.6
2024-03-31 12:00:00,11.8
2024-03-31 18:00:00,12.0
2024-04-01 06:00:00,11.3
2024-04-01 12:00:00,12.5
2024-04-01 18:00:00,12.6
2024-04-02 06:00:00,11.7
2024-04-02 12:00:00,12.0
2024-04-02 18:00:00,12.0
2024-04-03 06:00:00,11.3
2024-04-03 12:00:00,12.3
2024-04-03 18:00:00,12.0
2024-04-04 06:00:00,11.6
2024-04-04 12:00:00,12.6
2024-04-04 18:00:00,12.3
2024-04-05 06:00:00,11.5
2024-04-05 12:00:00,12.6
2024-04-05 18:00:00,12.6
2024-04-06 06:00:00,11.9
2024-04-06 12:00:00,12.9
2024-04-06 18:00:00,12.8
2024-04-07 06:00:00,12.2
2024-04-07 12:00:00,12.4
2024-04-07 18:00:00,12.3
2024-04-08 06:00:00,11.9
2024-04-08 12:00:00,12.7
2024-04-08 18:00:00,12.8
2024-04-09 06:00:00,12.2
2024-04-09 12:00:00,12.9
2024-04-09 18:00:00,12.8
2024-04-10 06:00:00,12.5
2024-04-10 12:00:00,13.6
2024-04-10 18:00:00,13.3
2024-04-11 06:00:00,12.8
2024-04-11 12:00:00,13.9
2024-04-11 18:00:00,13.8
2024-04-12 06:00:00,13.5
2024-04-12 12:00:00,14.2
2024-04-12 18:00:00,14.0
2024-04-13 06:00:00,13.8
2024-04-13 12:00:00,14.8
2024-04-13 18:00:00,14.9
2024-04-14 06:00:00,14.1
2024-04-14 12:00:00,15.3
2024-04-14 18:00:00,15.3
2024-04-15 06:00:00,14.6
2024-04-15 12:00:00,15.7
2024-04-15 18:00:00,15.5
2024-04-16 06:00:00,15.0
2024-04-16 12:00:00,16.0
2024-04-16 18:00:00,15.9
2024-04-17 06:00:00,14.5
2024-04-17 12:00:00,14.3
2024-04-17 18:00:00,14.4
2024-04-18 06:00:00,13.7
2024-04-18 12:00:00,13.7
2024-04-18 18:00:00,13.6
2024-04-19 06:00:00,13.2
2024-04-19 12:00:00,13.7
2024-04-19 18:00:00,13.6
2024-04-20 06:00:00,13.3
2024-04-20 12:00:00,13.0
2024-04-20 18:00:00,12.8
2024-04-21 06:00:00,12.7
2024-04-21 12:00:00,13.0
2024-04-21 18:00:00,12.9
2024-04-22 06:00:00,12.5
2024-04-22 12:00:00,12.6
2024-04-22 18:00:00,12.8
2024-04-23 06:00:00,12.9
2024-04-23 12:00:00,13.0
2024-04-23 18:00:00,12.9
2024-04-24 06:00:00,13.0
2024-04-24 12:00:00,14.3
2024-04-24 18:00:00,14.5
2024-04-25 06:00:00,13.7
2024-04-25 12:00:00,14.6
2024-04-25 18:00:00,14.6
2024-04-26 06:00:00,13.8
2024-04-26 12:00:00,14.7
2024-04-26 18:00:00,14.6
2024-04-27 06:00:00,14.1
2024-04-27 12:00:00,14.6
2024-04-27 18:00:00,14.4
2024-04-28 06:00:00,14.1
2024-04-28 12:00:00,14.5
2024-04-28 18:00:00,14.4
2024-04-29 06:00:00,14.3
2024-04-29 12:00:00,14.4
2024-04-29 18:00:00,14.3
2024-04-30 06:00:00,14.2
2024-04-30 12:00:00,14.2
2024-04-30 18:00:00,14.2
2024-05-01 06:00:00,14.1
2024-05-01 12:00:00,14.2
2024-05-01 18:00:00,14.2
2024-05-02 06:00:00,14.2
2024-05-02 12:00:00,14.3
2024-05-02 18:00:00,14.2
2024-05-03 06:00:00,14.2
2024-05-03 12:00:00,14.6
2024-05-03 18:00:00,14.5
2024-05-04 06:00:00,14.3
2024-05-04 12:00:00,14.9
2024-05-04 18:00:00,14.6
2024-05-05 06:00:00,14.4
2024-05-05 12:00:00,14.9
2024-05-05 18:00:00,15.0
2024-05-06 06:00:00,14.6
2024-05-06 12:00:00,15.0
2024-05-06 18:00:00,15.0
2024-05-07 06:00:00,14.9
2024-05-07 12:00:00,16.0
2024-05-07 18:00:00,16.2
2024-05-08 06:00:00,15.5
2024-05-08 12:00:00,15.5
2024-05-08 18:00:00,15.5
2024-05-09 06:00:00,15.3
2024-05-09 12:00:00,15.4
2024-05-09 18:00:00,15.4
2024-05-10 06:00:00,15.2
2024-05-10 12:00:00,15.4
2024-05-10 18:00:00,15.3
2024-05-11 06:00:00,15.2
2024-05-11 12:00:00,15.6
2024-05-11 18:00:00,15.5
2024-05-12 06:00:00,15.4
2024-05-12 12:00:00,15.7
2024-05-12 18:00:00,15.6
2024-05-13 06:00:00,15.4
2024-05-13 12:00:00,15.7
2024-05-13 18:00:00,15.6
2024-05-14 06:00:00,15.3
2024-05-14 12:00:00,15.8
2024-05-14 18:00:00,15.7
2024-05-15 06:00:00,15.4
2024-05-15 12:00:00,15.6
2024-05-15 18:00:00,15.6
2024-05-16 06:00:00,15.5
2024-05-16 12:00:00,16.1
2024-05-16 18:00:00,16.1
2024-05-17 06:00:00,15.7
2024-05-17 12:00:00,16.0
2024-05-17 18:00:00,16.0
2024-05-18 06:00:00,15.8
2024-05-18 12:00:00,16.4
2024-05-18 18:00:00,16.4
2024-05-19 06:00:00,16.1
2024-05-19 12:00:00,16.2
2024-05-19 18:00:00,16.2
2024-05-20 06:00:00,16.1
2024-05-20 12:00:00,16.5
2024-05-20 18:00:00,16.5
2024-05-21 06:00:00,16.3
2024-05-21 12:00:00,17.1
2024-05-21 18:00:00,17.2
2024-05-22 06:00:00,16.9
2024-05-22 12:00:00,17.6
2024-05-22 18:00:00,17.6
2024-05-23 06:00:00,17.3
2024-05-23 12:00:00,18.3
2024-05-23 18:00:00,18.3
2024-05-24 06:00:00,17.5
2024-05-24 12:00:00,18.4
2024-05-24 18:00:00,18.2
2024-05-25 06:00:00,17.8
2024-05-25 12:00:00,17.9
2024-05-25 18:00:00,17.8
2024-05-26 06:00:00,17.6
2024-05-26 12:00:00,17.8
2024-05-26 18:00:00,17.8
2024-05-27 06:00:00,17.6
2024-05-27 12:00:00,17.7
2024-05-27 18:00:00,17.6
2024-05-28 06:00:00,17.4
2024-05-28 12:00:00,18.1
2024-05-28 18:00:00,17.9
2024-05-29 06:00:00,17.4
2024-05-29 12:00:00,18.0
2024-05-29 18:00:00,18.2
2024-05-30 06:00:00,17.8
2024-05-30 12:00:00,18.5
2024-05-30 18:00:00,18.6
2024-05-31 06:00:00,18.3
2024-05-31 12:00:00,19.6
2024-05-31 18:00:00,19.7
2024-06-01 06:00:00,18.9
2024-06-01 12:00:00,19.8
2024-06-01 18:00:00,19.9
2024-06-02 06:00:00,19.6
2024-06-02 12:00:00,20.9
2024-06-02 18:00:00,21.0
2024-06-03 06:00:00,20.3
2024-06-03 12:00:00,21.7
2024-06-03 18:00:00,21.8
2024-06-04 06:00:00,20.7
2024-06-04 12:00:00,21.7
2024-06-04 18:00:00,21.7
2024-06-05 06:00:00,20.9
2024-06-05 12:00:00,22.4
2024-06-05 18:00:00,22.5
2024-06-06 06:00:00,21.2
2024-06-06 12:00:00,22.6
2024-06-06 18:00:00,22.6
2024-06-07 06:00:00,21.7
2024-06-07 12:00:00,22.9
2024-06-07 18:00:00,22.9
2024-06-08 06:00:00,22.0
2024-06-08 12:00:00,23.2
2024-06-08 18:00:00,23.3
2024-06-09 06:00:00,22.5
2024-06-09 12:00:00,23.2
2024-06-09 18:00:00,23.2
2024-06-10 06:00:00,22.5
2024-06-10 12:00:00,23.0
2024-06-10 18:00:00,22.9
2024-06-11 06:00:00,22.6
2024-06-11 12:00:00,24.1
2024-06-11 18:00:00,24.3
2024-06-12 06:00:00,23.1
2024-06-12 12:00:00,23.5
2024-06-12 18:00:00,23.3
2024-06-13 06:00:00,23.1
2024-06-13 12:00:00,24.1
2024-06-13 18:00:00,24.0
2024-06-14 06:00:00,23.4
2024-06-14 12:00:00,23.2
2024-06-14 18:00:00,22.6
2024-06-15 06:00:00,21.6
2024-06-15 12:00:00,21.9
2024-06-15 18:00:00,22.4
2024-06-16 06:00:00,21.9
2024-06-16 12:00:00,22.7
2024-06-16 18:00:00,22.7
2024-06-17 06:00:00,22.3
2024-06-17 12:00:00,23.1
2024-06-17 18:00:00,23.2
2024-06-18 06:00:00,22.8
2024-06-18 12:00:00,23.6
2024-06-18 18:00:00,23.8
2024-06-19 06:00:00,23.4
2024-06-19 12:00:00,24.4
2024-06-19 18:00:00,24.4
2024-06-20 06:00:00,23.8
2024-06-20 12:00:00,24.8
2024-06-20 18:00:00,24.8
2024-06-21 06:00:00,23.4
2024-06-21 12:00:00,23.7
2024-06-21 18:00:00,23.7
2024-06-22 06:00:00,23.5
2024-06-22 12:00:00,24.0
2024-06-22 18:00:00,24.1
2024-06-23 06:00:00,23.8
2024-06-23 12:00:00,24.3
2024-06-23 18:00:00,24.4
2024-06-24 06:00:00,24.1
2024-06-24 12:00:00,24.6
2024-06-24 18:00:00,24.7
2024-06-25 06:00:00,24.5
2024-06-25 12:00:00,24.8
2024-06-25 18:00:00,24.8
2024-06-26 06:00:00,24.6
2024-06-26 12:00:00,24.9
2024-06-26 18:00:00,24.9
2024-06-27 06:00:00,24.8
2024-06-27 12:00:00,25.1
2024-06-27 18:00:00,25.1
2024-06-28 06:00:00,24.8
2024-06-28 12:00:00,25.1
2024-06-28 18:00:00,25.1
2024-06-29 06:00:00,24.8
2024-06-29 12:00:00,25.1
2024-06-29 18:00:00,25.1
2024-06-30 06:00:00,24.9
2024-06-30 12:00:00,26.1
2024-06-30 18:00:00,25.8
2024-07-01 06:00:00,25.4
2024-07-01 12:00:00,26.1
2024-07-01 18:00:00,26.1
2024-07-02 06:00:00,25.7
2024-07-02 12:00:00,26.0
2024-07-02 18:00:00,26.0
2024-07-03 06:00:00,25.8
2024-07-03 12:00:00,26.1
2024-07-03 18:00:00,26.0
2024-07-04 06:00:00,25.6
2024-07-04 12:00:00,26.2
2024-07-04 18:00:00,26.0
2024-07-05 06:00:00,25.6
2024-07-05 12:00:00,26.2
2024-07-05 18:00:00,25.9
2024-07-06 06:00:00,25.5
2024-07-06 12:00:00,25.7
2024-07-06 18:00:00,25.5
2024-07-07 06:00:00,25.3
2024-07-07 12:00:00,25.6
2024-07-07 18:00:00,25.5
2024-07-08 06:00:00,25.4
2024-07-08 12:00:00,26.0
2024-07-08 18:00:00,25.9
2024-07-09 06:00:00,25.6
2024-07-09 12:00:00,25.9
2024-07-09 18:00:00,25.8
2024-07-10 06:00:00,25.6
2024-07-10 12:00:00,26.0
2024-07-10 18:00:00,26.0
2024-07-11 06:00:00,25.8
2024-07-11 12:00:00,26.1
2024-07-11 18:00:00,26.1
2024-07-12 06:00:00,25.9
2024-07-12 12:00:00,26.4
2024-07-12 18:00:00,26.4
2024-07-13 06:00:00,26.2
2024-07-13 12:00:00,26.5
2024-07-13 18:00:00,26.6
2024-07-14 06:00:00,26.4
2024-07-14 12:00:00,26.6
2024-07-14 18:00:00,26.6
2024-07-15 06:00:00,26.4
2024-07-15 12:00:00,26.8
2024-07-15 18:00:00,27.0
2024-07-16 06:00:00,26.6
2024-07-16 12:00:00,27.3
2024-07-16 18:00:00,27.3
2024-07-17 06:00:00,27.0
2024-07-17 12:00:00,27.6
2024-07-17 18:00:00,27.7
2024-07-18 06:00:00,27.3
2024-07-18 12:00:00,27.6
2024-07-18 18:00:00,27.7
2024-07-19 06:00:00,27.4
2024-07-19 12:00:00,27.8
2024-07-19 18:00:00,27.7
2024-07-20 06:00:00,27.6
2024-07-20 12:00:00,27.9
2024-07-20 18:00:00,27.9
2024-07-21 06:00:00,27.8
2024-07-21 12:00:00,28.2
2024-07-21 18:00:00,28.1
2024-07-22 06:00:00,27.8
2024-07-22 12:00:00,28.3
2024-07-22 18:00:00,28.3
2024-07-23 06:00:00,27.9
2024-07-23 12:00:00,28.2
2024-07-23 18:00:00,28.2
2024-07-24 06:00:00,27.9
2024-07-24 12:00:00,28.3
2024-07-24 18:00:00,28.3
2024-07-25 06:00:00,28.0
2024-07-25 12:00:00,28.2
2024-07-25 18:00:00,28.0
2024-07-26 06:00:00,27.7
2024-07-26 12:00:00,27.8
2024-07-26 18:00:00,27.7
2024-07-27 06:00:00,27.5
2024-07-27 12:00:00,27.6
2024-07-27 18:00:00,27.6
2024-07-28 06:00:00,27.5
2024-07-28 12:00:00,28.0
2024-07-28 18:00:00,27.9
2024-07-29 06:00:00,27.6
2024-07-29 12:00:00,28.0
2024-07-29 18:00:00,27.9
2024-07-30 06:00:00,27.6
2024-07-30 12:00:00,27.7
2024-07-30 18:00:00,27.6
2024-07-31 06:00:00,27.4
2024-07-31 12:00:00,27.6
2024-07-31 18:00:00,27.5
2024-08-01 06:00:00,27.3
2024-08-01 12:00:00,27.6
2024-08-01 18:00:00,27.5
2024-08-02 06:00:00,27.2
2024-08-02 12:00:00,27.6
2024-08-02 18:00:00,27.4
2024-08-03 06:00:00,27.2
2024-08-03 12:00:00,27.5
2024-08-03 18:00:00,27.4
2024-08-04 06:00:00,27.1
2024-08-04 12:00:00,27.6
2024-08-04 18:00:00,27.3
2024-08-05 06:00:00,27.1
2024-08-05 12:00:00,27.3
2024-08-05 18:00:00,27.2
2024-08-06 06:00:00,27.0
2024-08-06 12:00:00,27.3
2024-08-06 18:00:00,27.2
2024-08-07 06:00:00,26.8
2024-08-07 12:00:00,26.9
2024-08-07 18:00:00,26.8
2024-08-08 06:00:00,26.7
2024-08-08 12:00:00,27.1
2024-08-08 18:00:00,26.9
2024-08-09 06:00:00,26.8
2024-08-09 12:00:00,27.2
2024-08-09 18:00:00,27.0
2024-08-10 06:00:00,26.8
2024-08-10 12:00:00,27.2
2024-08-10 18:00:00,27.2
2024-08-11 06:00:00,26.8
2024-08-11 12:00:00,27.1
2024-08-11 18:00:00,27.0
2024-08-12 06:00:00,26.9
2024-08-12 12:00:00,27.2
2024-08-12 18:00:00,27.1
2024-08-13 06:00:00,26.9
2024-08-13 12:00:00,27.3
2024-08-13 18:00:00,27.2
2024-08-14 06:00:00,27.0
2024-08-14 12:00:00,27.2
2024-08-14 18:00:00,27.2
2024-08-15 06:00:00,27.0
2024-08-15 12:00:00,27.3
2024-08-15 18:00:00,27.2
2024-08-16 06:00:00,27.0
2024-08-16 12:00:00,27.3
2024-08-16 18:00:00,27.2
2024-08-17 06:00:00,27.0
2024-08-17 12:00:00,27.4
2024-08-17 18:00:00,27.3
2024-08-18 06:00:00,27.0
2024-08-18 12:00:00,27.3
2024-08-18 18:00:00,27.2
2024-08-19 06:00:00,27.0
2024-08-19 12:00:00,27.5
2024-08-19 18:00:00,27.5
2024-08-20 06:00:00,27.1
2024-08-20 12:00:00,27.6
2024-08-20 18:00:00,27.5
2024-08-21 06:00:00,27.2
2024-08-21 12:00:00,27.7
2024-08-21 18:00:00,27.7
2024-08-22 06:00:00,27.2
2024-08-22 12:00:00,27.6
2024-08-22 18:00:00,27.6
2024-08-23 06:00:00,27.3
2024-08-23 12:00:00,27.5
2024-08-23 18:00:00,27.4
2024-08-24 06:00:00,27.3
2024-08-24 12:00:00,27.4
2024-08-24 18:00:00,27.3
2024-08-25 06:00:00,27.2
2024-08-25 12:00:00,27.5
2024-08-25 18:00:00,27.4
2024-08-26 06:00:00,27.2
2024-08-26 12:00:00,27.3
2024-08-26 18:00:00,27.2
2024-08-27 06:00:00,27.0
2024-08-27 12:00:00,27.2
2024-08-27 18:00:00,27.1
2024-08-28 06:00:00,27.0
2024-08-28 12:00:00,27.1
2024-08-28 18:00:00,27.0
2024-08-29 06:00:00,26.8
2024-08-29 12:00:00,26.8
2024-08-29 18:00:00,26.7
2024-08-30 06:00:00,26.6
2024-08-30 12:00:00,26.6
2024-08-30 18:00:00,26.5
2024-08-31 06:00:00,26.3
2024-08-31 12:00:00,26.3
2024-08-31 18:00:00,26.2
2024-09-01 06:00:00,26.0
2024-09-01 12:00:00,26.2
2024-09-01 18:00:00,26.1
2024-09-02 06:00:00,26.0
2024-09-02 12:00:00,26.3
2024-09-02 18:00:00,26.2
2024-09-03 06:00:00,25.9
2024-09-03 12:00:00,26.6
2024-09-03 18:00:00,26.4
2024-09-04 06:00:00,25.9
2024-09-04 12:00:00,26.3
2024-09-04 18:00:00,26.1
2024-09-05 06:00:00,25.9
2024-09-05 12:00:00,26.4
2024-09-05 18:00:00,26.1
2024-09-06 06:00:00,25.8
2024-09-06 12:00:00,26.2
2024-09-06 18:00:00,26.0
2024-09-07 06:00:00,25.7
2024-09-07 12:00:00,25.8
2024-09-07 18:00:00,25.6
2024-09-08 06:00:00,25.4
2024-09-08 12:00:00,25.4
2024-09-08 18:00:00,25.3
2024-09-09 06:00:00,25.1
2024-09-09 12:00:00,25.4
2024-09-09 18:00:00,25.2
2024-09-10 06:00:00,25.1
2024-09-10 12:00:00,25.2
2024-09-10 18:00:00,25.1
2024-09-11 06:00:00,24.9
2024-09-11 12:00:00,25.1
2024-09-11 18:00:00,25.0
2024-09-12 06:00:00,24.9
2024-09-12 12:00:00,25.1
2024-09-12 18:00:00,25.0
2024-09-13 06:00:00,24.9
2024-09-13 12:00:00,25.1
2024-09-13 18:00:00,25.0
2024-09-14 06:00:00,24.9
2024-09-14 12:00:00,25.1
2024-09-14 18:00:00,24.9
2024-09-15 06:00:00,24.6
2024-09-15 12:00:00,24.6
2024-09-15 18:00:00,24.5
2024-09-16 06:00:00,24.3
2024-09-16 12:00:00,24.5
2024-09-16 18:00:00,24.3
2024-09-17 06:00:00,24.1
2024-09-17 12:00:00,24.3
2024-09-17 18:00:00,24.1
2024-09-18 06:00:00,23.9
2024-09-18 12:00:00,24.0
2024-09-18 18:00:00,23.9
2024-09-19 06:00:00,23.7
2024-09-19 12:00:00,23.7
2024-09-19 18:00:00,23.6
2024-09-20 06:00:00,23.4
2024-09-20 12:00:00,23.4
2024-09-20 18:00:00,23.3
2024-09-21 06:00:00,23.0
2024-09-21 12:00:00,23.1
2024-09-21 18:00:00,23.0
2024-09-22 06:00:00,22.9
2024-09-22 12:00:00,23.0
2024-09-22 18:00:00,22.9
2024-09-23 06:00:00,22.8
2024-09-23 12:00:00,23.2
2024-09-23 18:00:00,22.9
2024-09-24 06:00:00,22.7
2024-09-24 12:00:00,23.2
2024-09-24 18:00:00,23.0
2024-09-25 06:00:00,22.7
2024-09-25 12:00:00,23.2
2024-09-25 18:00:00,23.0
2024-09-26 06:00:00,22.8
2024-09-26 12:00:00,23.1
2024-09-26 18:00:00,23.0
2024-09-27 06:00:00,22.8
2024-09-27 12:00:00,23.1
2024-09-27 18:00:00,23.0
2024-09-28 06:00:00,22.8
2024-09-28 12:00:00,23.1
2024-09-28 18:00:00,23.0
2024-09-29 06:00:00,22.8
2024-09-29 12:00:00,23.2
2024-09-29 18:00:00,23.0
2024-09-30 06:00:00,22.7
2024-09-30 12:00:00,22.6
2024-09-30 18:00:00,22.5
2024-10-01 06:00:00,22.3
2024-10-01 12:00:00,22.1
2024-10-01 18:00:00,22.0
2024-10-02 06:00:00,21.7
2024-10-02 12:00:00,21.9
2024-10-02 18:00:00,21.7
2024-10-03 06:00:00,21.5
2024-10-03 12:00:00,21.7
2024-10-03 18:00:00,21.5
2024-10-04 06:00:00,21.4
2024-10-04 12:00:00,21.6
2024-10-04 18:00:00,21.6
2024-10-05 06:00:00,21.4
2024-10-05 12:00:00,21.8
2024-10-05 18:00:00,21.6
2024-10-06 06:00:00,21.4
2024-10-06 12:00:00,21.7
2024-10-06 18:00:00,21.5
2024-10-07 06:00:00,21.1
2024-10-07 12:00:00,21.2
2024-10-07 18:00:00,21.1
2024-10-08 06:00:00,20.9
2024-10-08 12:00:00,21.1
2024-10-08 18:00:00,20.9
2024-10-09 06:00:00,20.7
2024-10-09 12:00:00,20.9
2024-10-09 18:00:00,20.8
2024-10-10 06:00:00,20.7
2024-10-10 12:00:00,21.2
2024-10-10 18:00:00,20.9
2024-10-11 06:00:00,20.7
2024-10-11 12:00:00,21.1
2024-10-11 18:00:00,21.0
2024-10-12 06:00:00,20.7
2024-10-12 12:00:00,20.8
2024-10-12 18:00:00,20.7
2024-10-13 06:00:00,20.5
2024-10-13 12:00:00,20.6
2024-10-13 18:00:00,20.4
2024-10-14 06:00:00,20.3
2024-10-14 12:00:00,20.6
2024-10-14 18:00:00,20.4
2024-10-15 06:00:00,20.3
2024-10-15 12:00:00,20.5
2024-10-15 18:00:00,20.3
2024-10-16 06:00:00,20.1
2024-10-16 12:00:00,20.1
2024-10-16 18:00:00,20.0
2024-10-17 06:00:00,19.7
2024-10-17 12:00:00,19.7
2024-10-17 18:00:00,19.5
2024-10-18 06:00:00,19.2
2024-10-18 12:00:00,19.2
2024-10-18 18:00:00,19.1
2024-10-19 06:00:00,18.8
2024-10-19 12:00:00,18.8
2024-10-19 18:00:00,18.7
2024-10-20 06:00:00,18.4
2024-10-20 12:00:00,18.5
2024-10-20 18:00:00,18.3
2024-10-21 06:00:00,18.1
2024-10-21 12:00:00,18.3
2024-10-21 18:00:00,18.1
2024-10-22 06:00:00,17.9
2024-10-22 12:00:00,18.2
2024-10-22 18:00:00,17.9
2024-10-23 06:00:00,17.8
2024-10-23 12:00:00,18.1
2024-10-23 18:00:00,17.9
2024-10-24 06:00:00,17.7
2024-10-24 12:00:00,17.8
2024-10-24 18:00:00,17.6
2024-10-25 06:00:00,17.5
2024-10-25 12:00:00,17.7
2024-10-25 18:00:00,17.5
2024-10-26 06:00:00,17.4
2024-10-26 12:00:00,17.6
2024-10-26 18:00:00,17.4
2024-10-27 06:00:00,17.4
2024-10-27 12:00:00,17.6
2024-10-27 18:00:00,17.4
2024-10-28 06:00:00,17.3
2024-10-28 12:00:00,17.6
2024-10-28 18:00:00,17.4
2024-10-29 06:00:00,17.3
2024-10-29 12:00:00,17.6
2024-10-29 18:00:00,17.4
2024-10-30 06:00:00,17.3
2024-10-30 12:00:00,17.4
2024-10-30 18:00:00,17.3
2024-10-31 06:00:00,17.2
2024-10-31 12:00:00,17.5
2024-10-31 18:00:00,17.4
2024-11-01 06:00:00,17.3
2024-11-01 12:00:00,17.5
2024-11-01 18:00:00,17.3
2024-11-02 06:00:00,17.2
2024-11-02 12:00:00,17.5
2024-11-02 18:00:00,17.4
2024-11-03 06:00:00,17.1
2024-11-03 12:00:00,17.1
2024-11-03 18:00:00,17.0
2024-11-04 06:00:00,16.9
2024-11-04 12:00:00,16.9
2024-11-04 18:00:00,16.9
2024-11-05 06:00:00,16.7
2024-11-05 12:00:00,16.7
2024-11-05 18:00:00,16.6
2024-11-06 06:00:00,16.4
2024-11-06 12:00:00,16.5
2024-11-06 18:00:00,16.4
2024-11-07 06:00:00,16.3
2024-11-07 12:00:00,16.4
2024-11-07 18:00:00,16.3
2024-11-08 06:00:00,16.2
2024-11-08 12:00:00,16.3
2024-11-08 18:00:00,16.2
2024-11-09 06:00:00,16.0
2024-11-09 12:00:00,15.9
2024-11-09 18:00:00,15.8
2024-11-10 06:00:00,15.6
2024-11-10 12:00:00,15.6
2024-11-10 18:00:00,15.5
2024-11-11 06:00:00,15.3
2024-11-11 12:00:00,15.3
2024-11-11 18:00:00,15.2
2024-11-12 06:00:00,15.0
2024-11-12 12:00:00,15.0
2024-11-12 18:00:00,14.9
2024-11-13 06:00:00,14.8
2024-11-13 12:00:00,14.7
2024-11-13 18:00:00,14.7
2024-11-14 06:00:00,14.5
2024-11-14 12:00:00,14.6
2024-11-14 18:00:00,14.5
2024-11-15 06:00:00,14.4
2024-11-15 12:00:00,14.4
2024-11-15 18:00:00,14.3
2024-11-16 06:00:00,14.1
2024-11-16 12:00:00,14.1
2024-11-16 18:00:00,14.0
2024-11-17 06:00:00,13.9
2024-11-17 12:00:00,13.9
2024-11-17 18:00:00,13.9
2024-11-18 06:00:00,13.7
2024-11-18 12:00:00,13.8
2024-11-18 18:00:00,13.7
2024-11-19 06:00:00,13.5
2024-11-19 12:00:00,13.6
2024-11-19 18:00:00,13.5
2024-11-20 06:00:00,13.4
2024-11-20 12:00:00,13.5
2024-11-20 18:00:00,13.4
2024-11-21 06:00:00,13.4
2024-11-21 12:00:00,13.4
2024-11-21 18:00:00,13.3
2024-11-22 06:00:00,13.1
2024-11-22 12:00:00,13.1
2024-11-22 18:00:00,13.1
2024-11-23 06:00:00,13.0
2024-11-23 12:00:00,13.0
2024-11-23 18:00:00,12.8
2024-11-24 06:00:00,12.6
2024-11-24 12:00:00,12.6
2024-11-24 18:00:00,12.5
2024-11-25 06:00:00,12.4
2024-11-25 12:00:00,12.4
2024-11-25 18:00:00,12.3
2024-11-26 06:00:00,12.2
2024-11-26 12:00:00,12.2
2024-11-26 18:00:00,12.2
2024-11-27 06:00:00,12.1
2024-11-27 12:00:00,12.1
2024-11-27 18:00:00,12.0
2024-11-28 06:00:00,11.9
2024-11-28 12:00:00,12.0
2024-11-28 18:00:00,11.9
2024-11-29 06:00:00,11.8
2024-11-29 12:00:00,12.0
2024-11-29 18:00:00,11.9
2024-11-30 06:00:00,11.8
2024-11-30 12:00:00,11.8
2024-11-30 18:00:00,11.8
2024-12-01 06:00:00,11.7
2024-12-01 12:00:00,11.7
2024-12-01 18:00:00,11.7
2024-12-02 06:00:00,11.6
2024-12-02 12:00:00,11.6
2024-12-02 18:00:00,11.6
2024-12-03 06:00:00,11.5
2024-12-03 12:00:00,11.6
2024-12-03 18:00:00,11.5
2024-12-04 06:00:00,11.5
2024-12-04 12:00:00,11.5
2024-12-04 18:00:00,11.4
2024-12-05 06:00:00,11.4
2024-12-05 12:00:00,11.4
2024-12-05 18:00:00,11.4
2024-12-06 06:00:00,11.3
2024-12-06 12:00:00,11.4
2024-12-06 18:00:00,11.4
2024-12-07 06:00:00,11.4
2024-12-07 12:00:00,11.5
2024-12-07 18:00:00,11.4
2024-12-08 06:00:00,11.4
2024-12-08 12:00:00,11.5
2024-12-08 18:00:00,11.4
2024-12-09 06:00:00,11.5
2024-12-09 12:00:00,11.5
2024-12-09 18:00:00,11.5
2024-12-10 06:00:00,11.5
2024-12-10 12:00:00,11.6
2024-12-10 18:00:00,11.5
2024-12-11 06:00:00,11.5
2024-12-11 12:00:00,11.5
2024-12-11 18:00:00,11.5
2024-12-12 06:00:00,11.4
2024-12-12 12:00:00,11.4
2024-12-12 18:00:00,11.3
2024-12-13 06:00:00,11.2
2024-12-13 12:00:00,11.2
2024-12-13 18:00:00,11.1
2024-12-14 06:00:00,11.0
2024-12-14 12:00:00,11.1
2024-12-14 18:00:00,11.0
2024-12-15 06:00:00,10.9
2024-12-15 12:00:00,11.0
2024-12-15 18:00:00,11.0
2024-12-16 06:00:00,10.8
2024-12-16 12:00:00,10.8
2024-12-16 18:00:00,10.7
2024-12-17 06:00:00,10.7
2024-12-17 12:00:00,10.9
2024-12-17 18:00:00,10.8
2024-12-18 06:00:00,10.7
2024-12-18 12:00:00,10.9
2024-12-18 18:00:00,10.7
2024-12-19 06:00:00,10.7
2024-12-19 12:00:00,10.8
2024-12-19 18:00:00,10.7
2024-12-20 06:00:00,10.6
2024-12-20 12:00:00,10.7
2024-12-20 18:00:00,10.7
2024-12-21 06:00:00,10.6
2024-12-21 12:00:00,10.6
2024-12-21 18:00:00,10.5
2024-12-22 06:00:00,10.4
2024-12-22 12:00:00,10.4
2024-12-22 18:00:00,10.4
2024-12-23 06:00:00,10.3
2024-12-23 12:00:00,10.4
2024-12-23 18:00:00,10.4
2024-12-24 06:00:00,10.4
2024-12-24 12:00:00,10.4
2024-12-24 18:00:00,10.3
2024-12-25 06:00:00,10.3
2024-12-25 12:00:00,10.3
2024-12-25 18:00:00,10.3
2024-12-26 06:00:00,10.2
2024-12-26 12:00:00,10.1
2024-12-26 18:00:00,10.1
2024-12-27 06:00:00,9.9
2024-12-27 12:00:00,9.9
2024-12-27 18:00:00,9.8
2024-12-28 06:00:00,9.6
2024-12-28 12:00:00,9.6
2024-12-28 18:00:00,9.5
2024-12-29 06:00:00,9.4
2024-12-29 12:00:00,9.4
2024-12-29 18:00:00,9.3
2024-12-30 06:00:00,9.3
2024-12-30 12:00:00,9.3
2024-12-30 18:00:00,9.2
2024-12-31 06:00:00,9.1
2024-12-31 12:00:00,9.2
2024-12-31 18:00:00,9.1
2025-01-01 06:00:00,9.0
2025-01-01 12:00:00,9.2
2025-01-01 18:00:00,9.0
2025-01-02 06:00:00,8.9
2025-01-02 12:00:00,9.0
2025-01-02 18:00:00,8.9
2025-01-03 06:00:00,8.9
2025-01-03 12:00:00,9.0
2025-01-03 18:00:00,8.9
2025-01-04 06:00:00,8.9
2025-01-04 12:00:00,8.9
2025-01-04 18:00:00,8.8
2025-01-05 06:00:00,8.7
2025-01-05 12:00:00,8.8
2025-01-05 18:00:00,8.7
2025-01-06 06:00:00,8.6
2025-01-06 12:00:00,8.8
2025-01-06 18:00:00,8.7
2025-01-07 06:00:00,8.7
2025-01-07 12:00:00,8.8
2025-01-07 18:00:00,8.8
2025-01-08 06:00:00,8.6
2025-01-08 12:00:00,8.9
2025-01-08 18:00:00,8.8
2025-01-09 06:00:00,8.7
2025-01-09 12:00:00,9.0
2025-01-09 18:00:00,8.9
2025-01-10 06:00:00,8.7
2025-01-10 12:00:00,8.9
2025-01-10 18:00:00,8.8
2025-01-11 06:00:00,8.7
2025-01-11 12:00:00,8.7
2025-01-11 18:00:00,8.7
2025-01-12 06:00:00,8.7
2025-01-12 12:00:00,8.7
2025-01-12 18:00:00,8.7
2025-01-13 06:00:00,8.6
2025-01-13 12:00:00,8.6
2025-01-13 18:00:00,8.6
2025-01-14 06:00:00,8.5
2025-01-14 12:00:00,8.5
2025-01-14 18:00:00,8.5
2025-01-15 06:00:00,8.4
2025-01-15 12:00:00,8.4
2025-01-15 18:00:00,8.4
2025-01-16 06:00:00,8.3
2025-01-16 12:00:00,8.4
2025-01-16 18:00:00,8.3
2025-01-17 06:00:00,8.3
2025-01-17 12:00:00,8.4
2025-01-17 18:00:00,8.3
2025-01-18 06:00:00,8.2
2025-01-18 12:00:00,8.4
2025-01-18 18:00:00,8.3
2025-01-19 06:00:00,8.2
2025-01-19 12:00:00,8.5
2025-01-19 18:00:00,8.2
2025-01-20 06:00:00,8.1
2025-01-20 12:00:00,8.3
2025-01-20 18:00:00,8.2
2025-01-21 06:00:00,8.1
2025-01-21 12:00:00,8.2
2025-01-21 18:00:00,8.2
2025-01-22 06:00:00,8.1
2025-01-22 12:00:00,8.3
2025-01-22 18:00:00,8.2
2025-01-23 06:00:00,8.1
2025-01-23 12:00:00,8.4
2025-01-23 18:00:00,8.3
2025-01-24 06:00:00,8.1
2025-01-24 12:00:00,8.4
2025-01-24 18:00:00,8.2
2025-01-25 06:00:00,8.1
2025-01-25 12:00:00,8.1
2025-01-25 18:00:00,8.1
2025-01-26 06:00:00,8.1
2025-01-26 12:00:00,8.2
2025-01-26 18:00:00,8.1
2025-01-27 06:00:00,8.1
2025-01-27 12:00:00,8.4
2025-01-27 18:00:00,8.3
2025-01-28 06:00:00,8.1
2025-01-28 12:00:00,8.4
2025-01-28 18:00:00,8.3
2025-02-11 06:00:00,6.9
2025-02-11 12:00:00,6.9
2025-02-11 18:00:00,6.9
2025-02-12 06:00:00,6.5
2025-02-12 12:00:00,6.5
2025-02-12 18:00:00,6.4
2025-02-13 06:00:00,6.4
2025-02-13 12:00:00,6.5
2025-02-13 18:00:00,6.4
2025-02-14 06:00:00,6.4
2025-02-14 12:00:00,6.6
2025-02-14 18:00:00,6.6
2025-02-15 06:00:00,6.4
2025-02-15 12:00:00,6.6
2025-02-15 18:00:00,6.5
2025-02-16 06:00:00,6.4
2025-02-16 12:00:00,6.4
2025-02-16 18:00:00,6.4
2025-02-17 06:00:00,6.3
2025-02-17 12:00:00,6.3
2025-02-17 18:00:00,6.2
2025-02-18 06:00:00,6.2
2025-02-18 12:00:00,6.1
2025-02-18 18:00:00,6.1
2025-02-19 06:00:00,5.9
2025-02-19 12:00:00,5.9
2025-02-19 18:00:00,5.8
2025-02-20 06:00:00,5.7
2025-02-20 12:00:00,5.8
2025-02-20 18:00:00,5.7
2025-02-21 06:00:00,5.6
2025-02-21 12:00:00,5.6
2025-02-21 18:00:00,5.5
2025-02-22 06:00:00,5.4
2025-02-22 12:00:00,5.4
2025-02-22 18:00:00,5.4
2025-02-23 06:00:00,5.2
2025-02-23 12:00:00,5.4
2025-02-23 18:00:00,5.3
2025-02-24 06:00:00,5.2
2025-02-24 12:00:00,5.4
2025-02-24 18:00:00,5.3
2025-02-25 06:00:00,5.2
2025-02-25 12:00:00,5.6
2025-02-25 18:00:00,5.5
2025-02-26 06:00:00,5.3
2025-02-26 12:00:00,5.7
2025-02-26 18:00:00,5.6
2025-02-27 06:00:00,5.5
2025-02-27 12:00:00,5.8
2025-02-27 18:00:00,5.8
2025-02-28 06:00:00,5.6
2025-02-28 12:00:00,5.7
2025-02-28 18:00:00,5.8
2025-03-01 06:00:00,5.7
2025-03-01 12:00:00,5.9
2025-03-01 18:00:00,5.9
2025-03-02 06:00:00,5.8
2025-03-02 12:00:00,5.9
2025-03-02 18:00:00,5.9
2025-03-03 06:00:00,5.7
2025-03-03 12:00:00,5.9
2025-03-03 18:00:00,5.9
2025-03-04 06:00:00,5.7
2025-03-04 12:00:00,6.3
2025-03-04 18:00:00,6.1
2025-03-05 06:00:00,6.0
2025-03-05 12:00:00,6.8
2025-03-05 18:00:00,6.6
2025-03-06 06:00:00,6.1
2025-03-06 12:00:00,7.0
2025-03-06 18:00:00,6.9
2025-03-07 06:00:00,6.3
2025-03-07 12:00:00,7.2
2025-03-07 18:00:00,7.1
2025-03-08 06:00:00,6.5
2025-03-08 12:00:00,7.1
2025-03-08 18:00:00,7.0
2025-03-09 06:00:00,6.6
2025-03-09 12:00:00,7.5
2025-03-09 18:00:00,7.4
2025-03-10 06:00:00,6.7
2025-03-10 12:00:00,7.6
2025-03-10 18:00:00,7.6
2025-03-11 06:00:00,7.0
2025-03-11 12:00:00,7.7
2025-03-11 18:00:00,7.6
2025-03-12 06:00:00,7.2
2025-03-12 12:00:00,8.0
2025-03-12 18:00:00,7.9
2025-03-13 06:00:00,7.6
2025-03-13 12:00:00,7.6
2025-03-13 18:00:00,7.5
2025-03-14 06:00:00,7.4
2025-03-14 12:00:00,8.4
2025-03-14 18:00:00,8.5
2025-03-15 06:00:00,7.9
2025-03-15 12:00:00,8.9
2025-03-15 18:00:00,9.0
2025-03-16 06:00:00,8.3
2025-03-16 12:00:00,9.0
2025-03-16 18:00:00,8.7
2025-03-17 06:00:00,8.5
2025-03-17 12:00:00,8.9
2025-03-17 18:00:00,8.5
2025-03-18 06:00:00,7.8
2025-03-18 12:00:00,7.7
2025-03-18 18:00:00,7.5
2025-03-19 06:00:00,7.4
2025-03-19 12:00:00,7.6
2025-03-19 18:00:00,7.5
2025-03-20 06:00:00,7.4
2025-03-20 12:00:00,7.7
2025-03-20 18:00:00,7.6
2025-03-21 06:00:00,7.4
2025-03-21 12:00:00,8.1
2025-03-21 18:00:00,8.0
2025-03-22 06:00:00,7.6
2025-03-22 12:00:00,8.0
2025-03-22 18:00:00,7.9
2025-03-23 06:00:00,7.8
2025-03-23 12:00:00,8.0
2025-03-23 18:00:00,8.1
2025-03-24 06:00:00,8.0
2025-03-24 12:00:00,9.0
2025-03-24 18:00:00,8.9
2025-03-25 06:00:00,8.6
2025-03-25 12:00:00,9.5
2025-03-25 18:00:00,9.6
2025-03-26 06:00:00,9.3
2025-03-26 12:00:00,9.7
2025-03-26 18:00:00,9.5
2025-03-27 06:00:00,9.2
2025-03-27 12:00:00,9.5
2025-03-27 18:00:00,9.2
2025-03-28 06:00:00,8.6
2025-03-28 12:00:00,8.5
2025-03-28 18:00:00,8.5
2025-03-29 06:00:00,8.6
2025-03-29 12:00:00,9.5
2025-03-29 18:00:00,9.5
2025-03-30 06:00:00,9.2
2025-03-30 12:00:00,9.9
2025-03-30 18:00:00,9.9
2025-03-31 06:00:00,9.6
2025-03-31 12:00:00,10.1
2025-03-31 18:00:00,10.1
2025-04-01 06:00:00,9.4
2025-04-01 12:00:00,9.2
2025-04-01 18:00:00,9.1
2025-04-02 06:00:00,8.9
2025-04-02 12:00:00,9.0
2025-04-02 18:00:00,9.0
2025-04-03 06:00:00,8.9
2025-04-03 12:00:00,9.7
2025-04-03 18:00:00,9.6
2025-04-04 06:00:00,9.1
2025-04-04 12:00:00,9.7
2025-04-04 18:00:00,9.8
2025-04-05 06:00:00,9.5
2025-04-05 12:00:00,10.0
2025-04-05 18:00:00,9.9
2025-04-06 06:00:00,9.5
2025-04-06 12:00:00,9.4
2025-04-06 18:00:00,9.3
2025-04-07 06:00:00,9.1
2025-04-07 12:00:00,9.1
2025-04-07 18:00:00,9.0
2025-04-08 06:00:00,8.9
2025-04-08 12:00:00,9.3
2025-04-08 18:00:00,9.1
2025-04-09 06:00:00,8.9
2025-04-09 12:00:00,9.5
2025-04-09 18:00:00,9.2
2025-04-10 06:00:00,9.0
2025-04-10 12:00:00,9.2
2025-04-10 18:00:00,9.1
2025-04-11 06:00:00,8.9
2025-04-11 12:00:00,9.0
2025-04-11 18:00:00,9.0
2025-04-12 06:00:00,8.9
2025-04-12 12:00:00,9.1
2025-04-12 18:00:00,9.1
2025-04-13 06:00:00,9.0
2025-04-13 12:00:00,9.6
2025-04-13 18:00:00,9.4
2025-04-14 06:00:00,9.1
2025-04-14 12:00:00,9.4
2025-04-14 18:00:00,9.4
2025-04-15 06:00:00,9.2
2025-04-15 12:00:00,9.7
2025-04-15 18:00:00,9.7
2025-04-16 06:00:00,9.5
2025-04-16 12:00:00,10.4
2025-04-16 18:00:00,10.5
2025-04-17 06:00:00,10.1
2025-04-17 12:00:00,11.0
2025-04-17 18:00:00,11.0
2025-04-18 06:00:00,10.5
2025-04-18 12:00:00,11.1
2025-04-18 18:00:00,10.7
2025-04-19 06:00:00,10.6
2025-04-19 12:00:00,11.3
2025-04-19 18:00:00,11.2
2025-04-20 06:00:00,11.0
2025-04-20 12:00:00,12.0
2025-04-20 18:00:00,12.1
2025-04-21 06:00:00,11.5
2025-04-21 12:00:00,12.7
2025-04-21 18:00:00,12.8
2025-04-22 06:00:00,12.1
2025-04-22 12:00:00,13.4
2025-04-22 18:00:00,13.4
2025-04-23 06:00:00,12.6
2025-04-23 12:00:00,13.8
2025-04-23 18:00:00,13.7
2025-04-24 06:00:00,12.8
2025-04-24 12:00:00,14.1
2025-04-24 18:00:00,13.8
2025-04-25 06:00:00,13.0
2025-04-25 12:00:00,14.2
2025-04-25 18:00:00,14.4
2025-04-26 06:00:00,13.3
2025-04-26 12:00:00,14.4
2025-04-26 18:00:00,14.1
2025-04-27 06:00:00,13.3
2025-04-27 12:00:00,12.9
2025-04-27 18:00:00,12.7
2025-04-28 06:00:00,12.4
2025-04-28 12:00:00,12.5
2025-04-28 18:00:00,12.4
2025-04-29 06:00:00,12.2
2025-04-29 12:00:00,12.4
2025-04-29 18:00:00,12.4
2025-04-30 06:00:00,12.6
2025-04-30 12:00:00,13.2
2025-04-30 18:00:00,13.2
2025-05-01 06:00:00,12.9
2025-05-01 12:00:00,13.4
2025-05-01 18:00:00,13.5
2025-05-02 06:00:00,13.1
2025-05-02 12:00:00,13.3
2025-05-02 18:00:00,13.2
2025-05-03 06:00:00,13.1
2025-05-03 12:00:00,13.8
2025-05-03 18:00:00,13.7
2025-05-04 06:00:00,13.4
2025-05-04 12:00:00,14.1
2025-05-04 18:00:00,14.3
2025-05-05 06:00:00,13.9
2025-05-05 12:00:00,15.3
2025-05-05 18:00:00,15.3
2025-05-06 06:00:00,14.8
2025-05-06 12:00:00,15.9
2025-05-06 18:00:00,16.0
2025-05-07 06:00:00,15.2
2025-05-07 12:00:00,16.3
2025-05-07 18:00:00,15.8
2025-05-08 06:00:00,15.4
2025-05-08 12:00:00,15.8
2025-05-08 18:00:00,15.7
2025-05-09 06:00:00,15.2
2025-05-09 12:00:00,15.4
2025-05-09 18:00:00,15.4
2025-05-10 06:00:00,15.0
2025-05-10 12:00:00,14.9
2025-05-10 18:00:00,14.9
2025-05-11 06:00:00,14.8
2025-05-11 12:00:00,15.2
2025-05-11 18:00:00,15.0
2025-05-12 06:00:00,14.8
2025-05-12 12:00:00,14.9
2025-05-12 18:00:00,14.9
2025-05-13 06:00:00,14.7
2025-05-13 12:00:00,15.0
2025-05-13 18:00:00,15.0
2025-05-14 06:00:00,14.8
2025-05-14 12:00:00,15.6
2025-05-14 18:00:00,15.4
2025-05-15 06:00:00,15.0
2025-05-15 12:00:00,15.4
2025-05-15 18:00:00,15.3
2025-05-16 06:00:00,15.0
2025-05-16 12:00:00,15.3
2025-05-16 18:00:00,15.2
2025-05-17 06:00:00,15.1
2025-05-17 12:00:00,15.4
2025-05-17 18:00:00,15.3
2025-05-18 06:00:00,15.1
2025-05-18 12:00:00,15.5
2025-05-18 18:00:00,15.5
2025-05-19 06:00:00,15.2
2025-05-19 12:00:00,16.3
2025-05-19 18:00:00,16.3
2025-05-20 06:00:00,15.3
2025-05-20 12:00:00,16.4
2025-05-20 18:00:00,16.0
2025-05-21 06:00:00,15.7
2025-05-21 12:00:00,16.7
2025-05-21 18:00:00,16.7
2025-05-22 06:00:00,16.2
2025-05-22 12:00:00,17.1
2025-05-22 18:00:00,17.4
2025-05-23 06:00:00,16.8
2025-05-23 12:00:00,18.1
2025-05-23 18:00:00,18.2
2025-05-24 06:00:00,17.3
2025-05-24 12:00:00,18.6
2025-05-24 18:00:00,18.6
2025-05-25 06:00:00,17.2
2025-05-25 12:00:00,18.0
2025-05-25 18:00:00,17.8
2025-05-26 06:00:00,17.4
2025-05-26 12:00:00,17.4
2025-05-26 18:00:00,17.4
2025-05-27 06:00:00,16.9
2025-05-27 12:00:00,17.3
2025-05-27 18:00:00,17.6
2025-05-28 06:00:00,17.3
2025-05-28 12:00:00,18.0
2025-05-28 18:00:00,18.1
2025-05-29 06:00:00,17.6
2025-05-29 12:00:00,18.7
2025-05-29 18:00:00,18.5
2025-05-30 06:00:00,17.9
2025-05-30 12:00:00,18.4
2025-05-30 18:00:00,18.6
2025-05-31 06:00:00,17.9
2025-05-31 12:00:00,18.9
2025-05-31 18:00:00,18.9
2025-06-01 06:00:00,18.2
2025-06-01 12:00:00,19.0
2025-06-01 18:00:00,19.3
2025-06-02 06:00:00,18.5
2025-06-02 12:00:00,19.9
2025-06-02 18:00:00,20.0
2025-06-03 06:00:00,19.3
2025-06-03 12:00:00,20.3
2025-06-03 18:00:00,20.1
2025-06-04 06:00:00,20.0
2025-06-04 12:00:00,21.5
2025-06-04 18:00:00,21.7
2025-06-05 06:00:00,20.8
2025-06-05 12:00:00,21.9
2025-06-05 18:00:00,22.0
2025-06-06 06:00:00,21.2
2025-06-06 12:00:00,22.1
2025-06-06 18:00:00,22.2
2025-06-07 06:00:00,21.5
2025-06-07 12:00:00,22.1
2025-06-07 18:00:00,22.0
2025-06-08 06:00:00,21.5
2025-06-08 12:00:00,22.3
2025-06-08 18:00:00,22.3
2025-06-09 06:00:00,21.8
2025-06-09 12:00:00,22.9
2025-06-09 18:00:00,22.9
2025-06-10 06:00:00,21.8
2025-06-10 12:00:00,21.6
2025-06-10 18:00:00,21.4
2025-06-11 06:00:00,21.3
2025-06-11 12:00:00,21.9
2025-06-11 18:00:00,21.9
2025-06-12 06:00:00,21.5
2025-06-12 12:00:00,21.7
2025-06-12 18:00:00,21.6
2025-06-13 06:00:00,21.5
2025-06-13 12:00:00,21.9
2025-06-13 18:00:00,22.0
2025-06-14 06:00:00,21.5
2025-06-14 12:00:00,22.1
2025-06-14 18:00:00,22.0
2025-06-15 06:00:00,21.5
2025-06-15 12:00:00,22.4
2025-06-15 18:00:00,22.1
2025-06-16 06:00:00,21.5
2025-06-16 12:00:00,22.6
2025-06-16 18:00:00,22.3
2025-06-17 06:00:00,21.9
2025-06-17 12:00:00,22.8
2025-06-17 18:00:00,23.1
2025-06-18 06:00:00,22.3
2025-06-18 12:00:00,22.9
2025-06-18 18:00:00,23.0
2025-06-19 06:00:00,22.6
2025-06-19 12:00:00,23.5
2025-06-19 18:00:00,23.2
2025-06-20 06:00:00,22.8
2025-06-20 12:00:00,22.7
2025-06-20 18:00:00,22.5
2025-06-21 06:00:00,22.3
2025-06-21 12:00:00,22.6
2025-06-21 18:00:00,22.6
2025-06-22 06:00:00,22.3
2025-06-22 12:00:00,22.6
2025-06-22 18:00:00,22.5
2025-06-23 06:00:00,22.2
2025-06-23 12:00:00,23.1
2025-06-23 18:00:00,23.1
2025-06-24 06:00:00,22.6
2025-06-24 12:00:00,23.2
2025-06-24 18:00:00,23.1
2025-06-25 06:00:00,22.9
2025-06-25 12:00:00,23.9
2025-06-25 18:00:00,24.0
2025-06-26 06:00:00,23.4
2025-06-26 12:00:00,24.5
2025-06-26 18:00:00,24.6
2025-06-27 06:00:00,24.0
2025-06-27 12:00:00,24.7
2025-06-27 18:00:00,24.9
2025-06-28 06:00:00,24.2
2025-06-28 12:00:00,24.5
2025-06-28 18:00:00,24.6
2025-06-29 06:00:00,23.4
2025-06-29 12:00:00,23.5
2025-06-29 18:00:00,23.5
2025-06-30 06:00:00,23.3
2025-06-30 12:00:00,24.4
2025-06-30 18:00:00,24.1
2025-07-01 06:00:00,23.5
2025-07-01 12:00:00,23.7
2025-07-01 18:00:00,23.7
2025-07-02 06:00:00,23.6
2025-07-02 12:00:00,23.8
2025-07-02 18:00:00,23.8
2025-07-03 06:00:00,23.5
2025-07-03 12:00:00,23.9
2025-07-03 18:00:00,24.0
2025-07-04 06:00:00,23.6
2025-07-04 12:00:00,24.3
2025-07-04 18:00:00,24.2
2025-07-05 06:00:00,23.9
2025-07-05 12:00:00,24.6
2025-07-05 18:00:00,24.6
2025-07-06 06:00:00,24.2
2025-07-06 12:00:00,24.9
2025-07-06 18:00:00,25.0
2025-07-07 06:00:00,24.6
2025-07-07 12:00:00,25.5
2025-07-07 18:00:00,25.5
2025-07-08 06:00:00,25.0
2025-07-08 12:00:00,25.6
2025-07-08 18:00:00,25.7
2025-07-09 06:00:00,25.3
2025-07-09 12:00:00,25.9
2025-07-09 18:00:00,26.0
2025-07-10 06:00:00,23.3
2025-07-10 12:00:00,23.9
2025-07-10 18:00:00,23.8
2025-07-11 06:00:00,23.4
2025-07-11 12:00:00,23.8
2025-07-11 18:00:00,23.8
2025-07-12 06:00:00,23.6
2025-07-12 12:00:00,24.3
2025-07-12 18:00:00,24.4
2025-07-13 06:00:00,23.9
2025-07-13 12:00:00,24.4
2025-07-13 18:00:00,24.5
2025-07-14 06:00:00,24.2
2025-07-14 12:00:00,25.1
2025-07-14 18:00:00,24.9
2025-07-15 06:00:00,24.6
2025-07-15 12:00:00,25.6
2025-07-15 18:00:00,25.8
2025-07-16 06:00:00,24.3
2025-07-16 12:00:00,25.5
2025-07-16 18:00:00,25.6
2025-07-17 06:00:00,24.8
2025-07-17 12:00:00,25.4
2025-07-17 18:00:00,25.5
2025-07-18 06:00:00,24.1
2025-07-18 12:00:00,24.4
2025-07-18 18:00:00,24.4
2025-07-19 06:00:00,24.2
2025-07-19 12:00:00,25.2
2025-07-19 18:00:00,24.7
2025-07-20 06:00:00,24.4
2025-07-20 12:00:00,25.1
2025-07-20 18:00:00,24.7
2025-07-21 06:00:00,24.5
2025-07-21 12:00:00,25.0
2025-07-21 18:00:00,25.0
2025-07-22 06:00:00,24.7
2025-07-22 12:00:00,25.3
2025-07-22 18:00:00,25.6
2025-07-23 06:00:00,25.2
2025-07-23 12:00:00,25.5
2025-07-23 18:00:00,25.6
2025-07-24 06:00:00,25.5
2025-07-24 12:00:00,25.9
2025-07-24 18:00:00,26.1
2025-07-25 06:00:00,25.8
2025-07-25 12:00:00,26.8
2025-07-25 18:00:00,26.8
2025-07-26 06:00:00,26.2
2025-07-26 12:00:00,26.9
2025-07-26 18:00:00,26.9
2025-07-27 06:00:00,26.2
2025-07-27 12:00:00,26.6
2025-07-27 18:00:00,26.5
2025-07-28 06:00:00,26.2
2025-07-28 12:00:00,27.3
2025-07-28 18:00:00,27.1
2025-07-29 06:00:00,26.5
2025-07-29 12:00:00,27.0
2025-07-29 18:00:00,26.9
2025-07-30 06:00:00,26.5
2025-07-30 12:00:00,27.2
2025-07-30 18:00:00,27.0
2025-07-31 06:00:00,26.5
2025-07-31 12:00:00,26.6
2025-07-31 18:00:00,26.5
2025-08-01 06:00:00,26.3
2025-08-01 12:00:00,26.5
2025-08-01 18:00:00,26.4
2025-08-02 06:00:00,26.1
2025-08-02 12:00:00,26.2
2025-08-02 18:00:00,26.1
2025-08-03 06:00:00,26.0
2025-08-03 12:00:00,26.3
2025-08-03 18:00:00,26.3
2025-08-04 06:00:00,26.1
2025-08-04 12:00:00,26.7
2025-08-04 18:00:00,26.7
2025-08-05 06:00:00,26.2
2025-08-05 12:00:00,26.6
2025-08-05 18:00:00,26.5
2025-08-06 06:00:00,26.1
2025-08-06 12:00:00,26.4
2025-08-06 18:00:00,26.4
2025-08-07 06:00:00,26.1
2025-08-07 12:00:00,26.3
2025-08-07 18:00:00,26.2
2025-08-08 06:00:00,25.9
2025-08-08 12:00:00,26.1
2025-08-08 18:00:00,25.9
2025-08-09 06:00:00,25.7
2025-08-09 12:00:00,26.0
2025-08-09 18:00:00,25.9
2025-08-10 06:00:00,25.8
2025-08-10 12:00:00,26.3
2025-08-10 18:00:00,26.1
2025-08-11 06:00:00,26.0
2025-08-11 12:00:00,26.6
2025-08-11 18:00:00,26.4
2025-08-12 06:00:00,26.0
2025-08-12 12:00:00,26.1
2025-08-12 18:00:00,26.0
2025-08-13 06:00:00,26.0
2025-08-13 12:00:00,26.2
2025-08-13 18:00:00,26.1
2025-08-14 06:00:00,25.9
2025-08-14 12:00:00,26.0
2025-08-14 18:00:00,26.0
2025-08-15 06:00:00,25.8
2025-08-15 12:00:00,26.0
2025-08-15 18:00:00,25.9
2025-08-16 06:00:00,25.8
2025-08-16 12:00:00,26.0
2025-08-16 18:00:00,25.9
2025-08-17 06:00:00,25.8
2025-08-17 12:00:00,26.0
2025-08-17 18:00:00,26.0
2025-08-18 06:00:00,25.8
2025-08-18 12:00:00,26.3
2025-08-18 18:00:00,26.2
2025-08-19 06:00:00,25.8
2025-08-19 12:00:00,25.9
2025-08-19 18:00:00,25.8
2025-08-20 06:00:00,25.8
2025-08-20 12:00:00,26.2
2025-08-20 18:00:00,26.0
2025-08-21 06:00:00,25.8
2025-08-21 12:00:00,26.1
2025-08-21 18:00:00,26.0
2025-08-22 06:00:00,25.9
2025-08-22 12:00:00,26.1
2025-08-22 18:00:00,26.1
2025-08-23 06:00:00,25.8
2025-08-23 12:00:00,26.0
2025-08-23 18:00:00,25.9
2025-08-24 06:00:00,25.7
2025-08-24 12:00:00,26.0
2025-08-24 18:00:00,25.8
2025-08-25 06:00:00,25.6
2025-08-25 12:00:00,25.6
2025-08-25 18:00:00,25.6
2025-08-26 06:00:00,25.4
2025-08-26 12:00:00,25.7
2025-08-26 18:00:00,25.5
2025-08-27 06:00:00,25.1
2025-08-27 12:00:00,25.3
2025-08-27 18:00:00,25.2
2025-08-28 06:00:00,25.0
2025-08-28 12:00:00,25.2
2025-08-28 18:00:00,25.1
2025-08-29 06:00:00,24.9
2025-08-29 12:00:00,25.2
2025-08-29 18:00:00,25.2
2025-08-30 06:00:00,25.0
2025-08-30 12:00:00,25.6
2025-08-30 18:00:00,25.5
2025-08-31 06:00:00,25.1
2025-08-31 12:00:00,25.5
2025-08-31 18:00:00,25.4
2025-09-01 06:00:00,25.1
2025-09-01 12:00:00,25.2
2025-09-01 18:00:00,25.1
2025-09-02 06:00:00,25.0
2025-09-02 12:00:00,25.9
2025-09-02 18:00:00,25.6
2025-09-03 06:00:00,25.1
2025-09-03 12:00:00,25.7
2025-09-03 18:00:00,25.5
2025-09-04 06:00:00,25.1
2025-09-04 12:00:00,25.3
2025-09-04 18:00:00,25.2
2025-09-05 06:00:00,25.1
2025-09-05 12:00:00,25.2
2025-09-05 18:00:00,25.1
2025-09-06 06:00:00,25.0
2025-09-06 12:00:00,25.1
2025-09-06 18:00:00,25.0
2025-09-07 06:00:00,24.9
2025-09-07 12:00:00,25.0
2025-09-07 18:00:00,24.9
2025-09-08 06:00:00,24.8
2025-09-08 12:00:00,24.9
2025-09-08 18:00:00,24.8
2025-09-09 06:00:00,24.7
2025-09-09 12:00:00,25.0
2025-09-09 18:00:00,24.9
2025-09-10 06:00:00,24.6
2025-09-10 12:00:00,24.8
2025-09-10 18:00:00,24.7
2025-09-11 06:00:00,24.6
2025-09-11 12:00:00,25.0
2025-09-11 18:00:00,24.8
2025-09-12 06:00:00,24.6
2025-09-12 12:00:00,24.8
2025-09-12 18:00:00,24.7
2025-09-13 06:00:00,24.5
2025-09-13 12:00:00,24.7
2025-09-13 18:00:00,24.6
2025-09-14 06:00:00,24.4
2025-09-14 12:00:00,24.5
2025-09-14 18:00:00,24.4
2025-09-15 06:00:00,24.2
2025-09-15 12:00:00,24.7
2025-09-15 18:00:00,24.4
2025-09-16 06:00:00,24.2
2025-09-16 12:00:00,24.5
2025-09-16 18:00:00,24.4
2025-09-17 06:00:00,24.1
2025-09-17 12:00:00,24.2
2025-09-17 18:00:00,24.1
2025-09-18 06:00:00,23.9
2025-09-18 12:00:00,23.9
2025-09-18 18:00:00,23.8
2025-09-19 06:00:00,23.7
2025-09-19 12:00:00,23.8
2025-09-19 18:00:00,23.7
2025-09-20 06:00:00,23.6
2025-09-20 12:00:00,23.7
2025-09-20 18:00:00,23.7
2025-09-21 06:00:00,23.5
2025-09-21 12:00:00,23.7
2025-09-21 18:00:00,23.6
2025-09-22 06:00:00,23.4
2025-09-22 12:00:00,23.5
2025-09-22 18:00:00,23.4
2025-09-23 06:00:00,23.3
2025-09-23 12:00:00,23.5
2025-09-23 18:00:00,23.4
2025-09-24 06:00:00,23.2
2025-09-24 12:00:00,23.5
2025-09-24 18:00:00,23.3
2025-09-25 06:00:00,23.1
2025-09-25 12:00:00,23.1
2025-09-25 18:00:00,23.0
2025-09-26 06:00:00,22.8
2025-09-26 12:00:00,22.8
2025-09-26 18:00:00,22.6
2025-09-27 06:00:00,22.4
2025-09-27 12:00:00,22.4
2025-09-27 18:00:00,22.3
2025-09-28 06:00:00,22.1
2025-09-28 12:00:00,22.1
2025-09-28 18:00:00,22.0
2025-09-29 06:00:00,21.9
2025-09-29 12:00:00,21.8
2025-09-29 18:00:00,21.8
2025-09-30 06:00:00,21.6
2025-09-30 12:00:00,21.7
2025-09-30 18:00:00,21.6
2025-10-01 06:00:00,21.2
2025-10-01 12:00:00,21.4
2025-10-01 18:00:00,21.2
2025-10-02 06:00:00,21.0
2025-10-02 12:00:00,20.9
2025-10-02 18:00:00,20.8
2025-10-03 06:00:00,20.6
2025-10-03 12:00:00,20.5
2025-10-03 18:00:00,20.4
2025-10-04 06:00:00,20.3
2025-10-04 12:00:00,20.3
2025-10-04 18:00:00,20.2
2025-10-05 06:00:00,20.1
2025-10-05 12:00:00,20.2
2025-10-05 18:00:00,20.1
2025-10-06 06:00:00,20.0
2025-10-06 12:00:00,20.1
2025-10-06 18:00:00,20.0
2025-10-07 06:00:00,19.9
2025-10-07 12:00:00,19.9
2025-10-07 18:00:00,19.8
2025-10-08 06:00:00,19.4
2025-10-08 12:00:00,19.5
2025-10-08 18:00:00,19.4
2025-10-09 06:00:00,19.3
2025-10-09 12:00:00,19.3
2025-10-09 18:00:00,19.2
2025-10-10 06:00:00,19.1
2025-10-10 12:00:00,19.2
2025-10-10 18:00:00,19.1
2025-10-11 06:00:00,19.0
2025-10-11 12:00:00,19.0
2025-10-11 18:00:00,18.9
2025-10-12 06:00:00,18.8
2025-10-12 12:00:00,18.8
2025-10-12 18:00:00,18.8
2025-10-13 06:00:00,18.7
2025-10-13 12:00:00,18.9
2025-10-13 18:00:00,18.7
2025-10-14 06:00:00,18.6
2025-10-14 12:00:00,18.8
2025-10-14 18:00:00,18.6
2025-10-15 06:00:00,18.4
2025-10-15 12:00:00,18.5
2025-10-15 18:00:00,18.4
2025-10-16 06:00:00,18.3
2025-10-16 12:00:00,18.4
2025-10-16 18:00:00,18.3
2025-10-17 06:00:00,18.2
2025-10-17 12:00:00,18.3
2025-10-17 18:00:00,18.2
2025-10-18 06:00:00,18.2
2025-10-18 12:00:00,18.2
2025-10-18 18:00:00,18.2
2025-10-19 06:00:00,18.1
2025-10-19 12:00:00,18.2
2025-10-19 18:00:00,18.1
2025-10-20 06:00:00,18.0
2025-10-20 12:00:00,18.2
2025-10-20 18:00:00,18.0
2025-10-21 06:00:00,18.0
2025-10-21 12:00:00,18.0
2025-10-21 18:00:00,18.0
2025-10-22 06:00:00,17.7
2025-10-22 12:00:00,17.9
2025-10-22 18:00:00,17.8
2025-10-23 06:00:00,17.7
2025-10-23 12:00:00,18.1
2025-10-23 18:00:00,17.9
2025-10-24 06:00:00,17.8
2025-10-24 12:00:00,17.9
2025-10-24 18:00:00,17.8
2025-10-25 06:00:00,17.7
2025-10-25 12:00:00,17.8
2025-10-25 18:00:00,17.7
2025-10-26 06:00:00,17.6
2025-10-26 12:00:00,17.7
2025-10-26 18:00:00,17.6
2025-10-27 06:00:00,17.6
2025-10-27 12:00:00,17.6
2025-10-27 18:00:00,17.5
2025-10-28 06:00:00,17.4
2025-10-28 12:00:00,17.5
2025-10-28 18:00:00,17.4
2025-10-29 06:00:00,17.5
2025-10-29 12:00:00,17.6
2025-10-29 18:00:00,17.5
2025-10-30 06:00:00,17.4
2025-10-30 12:00:00,17.6
2025-10-30 18:00:00,17.4
2025-10-31 06:00:00,17.3
2025-10-31 12:00:00,17.7
2025-10-31 18:00:00,17.5
2025-11-01 06:00:00,17.3
2025-11-01 12:00:00,17.6
2025-11-01 18:00:00,17.4
2025-11-02 06:00:00,17.3
2025-11-02 12:00:00,17.6
2025-11-02 18:00:00,17.4
2025-11-03 06:00:00,17.3
2025-11-03 12:00:00,17.5
2025-11-03 18:00:00,17.4
2025-11-04 06:00:00,17.3
2025-11-04 12:00:00,17.4
2025-11-04 18:00:00,17.3
2025-11-05 06:00:00,17.1
2025-11-05 12:00:00,17.1
2025-11-05 18:00:00,17.1
2025-11-06 06:00:00,17.0
2025-11-06 12:00:00,17.0
2025-11-06 18:00:00,16.9
2025-11-07 06:00:00,16.8
2025-11-07 12:00:00,16.8
2025-11-07 18:00:00,16.8
2025-11-08 06:00:00,16.7
2025-11-08 12:00:00,16.8
2025-11-08 18:00:00,16.8
2025-11-09 06:00:00,16.7
2025-11-09 12:00:00,16.9
2025-11-09 18:00:00,16.8
2025-11-10 06:00:00,16.8
2025-11-10 12:00:00,17.0
2025-11-10 18:00:00,16.9
2025-11-11 06:00:00,16.7
2025-11-11 12:00:00,16.8
2025-11-11 18:00:00,16.7
2025-11-12 06:00:00,16.5
2025-11-12 12:00:00,16.6
2025-11-12 18:00:00,16.5
2025-11-13 06:00:00,16.4
2025-11-13 12:00:00,16.6
2025-11-13 18:00:00,16.5
2025-11-14 06:00:00,16.3
2025-11-14 12:00:00,16.5
2025-11-14 18:00:00,16.3
2025-11-15 06:00:00,16.3
2025-11-15 12:00:00,16.3
2025-11-15 18:00:00,16.3
2025-11-16 06:00:00,16.2
2025-11-16 12:00:00,16.3
2025-11-16 18:00:00,16.2
2025-11-17 06:00:00,16.1
2025-11-17 12:00:00,16.2
2025-11-17 18:00:00,16.2
2025-11-18 06:00:00,16.1
2025-11-18 12:00:00,16.2
2025-11-18 18:00:00,16.2
2025-11-19 06:00:00,16.3
2025-11-19 12:00:00,16.2
2025-11-19 18:00:00,16.2
2025-11-20 06:00:00,16.2
2025-11-20 12:00:00,16.3
2025-11-20 18:00:00,16.2
2025-11-21 06:00:00,16.1
2025-11-21 12:00:00,16.2
2025-11-21 18:00:00,16.1
2025-11-22 06:00:00,16.1
2025-11-22 12:00:00,16.2
2025-11-22 18:00:00,16.1
2025-11-23 06:00:00,16.0
2025-11-23 12:00:00,16.1
2025-11-23 18:00:00,16.0
2025-11-24 06:00:00,15.8
2025-11-24 12:00:00,15.8
2025-11-24 18:00:00,15.8
2025-11-25 06:00:00,15.7
2025-11-25 12:00:00,15.7
2025-11-25 18:00:00,15.7
2025-11-26 06:00:00,15.5
2025-11-26 12:00:00,15.6
2025-11-26 18:00:00,15.5
2025-11-27 06:00:00,15.5
2025-11-27 12:00:00,15.6
2025-11-27 18:00:00,15.5
2025-11-28 06:00:00,15.4
2025-11-28 12:00:00,15.6
2025-11-28 18:00:00,15.5
2025-11-29 06:00:00,15.4
2025-11-29 12:00:00,15.4
2025-11-29 18:00:00,15.4
2025-11-30 06:00:00,15.3
2025-11-30 12:00:00,15.3
2025-11-30 18:00:00,15.2
2025-12-01 06:00:00,15.0
2025-12-01 12:00:00,15.1
2025-12-01 18:00:00,15.0
2025-12-02 06:00:00,14.9
2025-12-02 12:00:00,15.0
2025-12-02 18:00:00,14.9
2025-12-03 06:00:00,14.8
2025-12-03 12:00:00,14.8
2025-12-03 18:00:00,14.7
2025-12-04 06:00:00,14.7
2025-12-04 12:00:00,14.7
2025-12-04 18:00:00,14.7
2025-12-05 06:00:00,14.6
2025-12-05 12:00:00,14.6
2025-12-05 18:00:00,14.6
2025-12-06 06:00:00,14.5
2025-12-06 12:00:00,14.5
2025-12-06 18:00:00,14.4
2025-12-07 06:00:00,14.3
2025-12-07 12:00:00,14.2
2025-12-07 18:00:00,14.2
2025-12-08 06:00:00,14.0
2025-12-08 12:00:00,13.9
2025-12-08 18:00:00,13.9
2025-12-09 06:00:00,13.8
2025-12-09 12:00:00,13.7
2025-12-09 18:00:00,13.7
2025-12-10 06:00:00,13.3
2025-12-10 12:00:00,13.4
2025-12-10 18:00:00,13.3
2025-12-11 06:00:00,13.2
2025-12-11 12:00:00,13.3
2025-12-11 18:00:00,13.2
2025-12-12 06:00:00,13.1
2025-12-12 12:00:00,13.2
2025-12-12 18:00:00,13.1
2025-12-13 06:00:00,13.0
2025-12-13 12:00:00,13.0
2025-12-13 18:00:00,13.0
2025-12-14 06:00:00,12.8
2025-12-14 12:00:00,12.9
2025-12-14 18:00:00,12.8
2025-12-15 06:00:00,12.7
2025-12-15 12:00:00,12.7
2025-12-15 18:00:00,12.6
2025-12-16 06:00:00,12.5
2025-12-16 12:00:00,12.6
2025-12-16 18:00:00,12.6
2025-12-17 06:00:00,11.7
2025-12-17 12:00:00,11.8
2025-12-17 18:00:00,11.6
2025-12-18 06:00:00,11.6
2025-12-18 12:00:00,11.7
2025-12-18 18:00:00,11.5
2025-12-19 06:00:00,11.4
2025-12-19 12:00:00,11.6
2025-12-19 18:00:00,11.4
2025-12-20 06:00:00,11.3
2025-12-20 12:00:00,11.4
2025-12-20 18:00:00,11.3
2025-12-21 06:00:00,11.3
2025-12-21 12:00:00,11.3
2025-12-21 18:00:00,11.3
2025-12-22 06:00:00,11.2
2025-12-22 12:00:00,11.2
2025-12-22 18:00:00,11.2
2025-12-23 06:00:00,11.1
2025-12-23 12:00:00,11.2
2025-12-23 18:00:00,11.1
2025-12-24 06:00:00,11.1
2025-12-24 12:00:00,11.1
2025-12-24 18:00:00,11.1
2025-12-25 06:00:00,11.0
2025-12-25 12:00:00,10.9
2025-12-25 18:00:00,10.9
2025-12-26 06:00:00,10.7
2025-12-26 12:00:00,10.7
2025-12-26 18:00:00,10.7
2025-12-27 06:00:00,10.5
2025-12-27 12:00:00,10.5
2025-12-27 18:00:00,10.4
2025-12-28 06:00:00,10.4
2025-12-28 12:00:00,10.4
2025-12-28 18:00:00,10.3
2025-12-29 06:00:00,10.2
2025-12-29 12:00:00,10.3
2025-12-29 18:00:00,10.3
2025-12-30 06:00:00,10.2
2025-12-30 12:00:00,10.3
2025-12-30 18:00:00,10.2
2025-12-31 06:00:00,10.0
2025-12-31 12:00:00,10.0
2025-12-31 18:00:00,10.0
2026-01-01 06:00:00,9.8
2026-01-01 12:00:00,9.8
2026-01-01 18:00:00,9.7
2026-01-02 06:00:00,9.6
2026-01-02 12:00:00,9.7
2026-01-02 18:00:00,9.7
2026-01-03 06:00:00,9.8
2026-01-03 12:00:00,9.9
2026-01-03 18:00:00,9.8
2026-01-04 06:00:00,9.7
2026-01-04 12:00:00,9.8
2026-01-04 18:00:00,9.8
2026-01-05 06:00:00,9.7
2026-01-05 12:00:00,9.8
2026-01-05 18:00:00,9.7
2026-01-06 06:00:00,9.6
2026-01-06 12:00:00,9.8
2026-01-06 18:00:00,9.7
2026-01-07 06:00:00,9.9
2026-01-07 12:00:00,10.0
2026-01-07 18:00:00,10.0
2026-01-08 06:00:00,9.9
2026-01-08 12:00:00,9.8
2026-01-08 18:00:00,9.7
2026-01-09 06:00:00,9.5
2026-01-09 12:00:00,9.5
2026-01-09 18:00:00,9.4
2026-01-10 06:00:00,9.3
2026-01-10 12:00:00,9.4
2026-01-10 18:00:00,9.3
2026-01-11 06:00:00,9.2
2026-01-11 12:00:00,9.2
2026-01-11 18:00:00,9.1
2026-01-12 06:00:00,9.0
2026-01-12 12:00:00,9.0
2026-01-12 18:00:00,9.0
2026-01-13 06:00:00,8.8
2026-01-13 12:00:00,8.8
2026-01-13 18:00:00,8.7
2026-01-14 06:00:00,8.4
2026-01-14 12:00:00,8.5
2026-01-14 18:00:00,8.4
2026-01-15 06:00:00,8.3
2026-01-15 12:00:00,8.5
2026-01-15 18:00:00,8.4
2026-01-16 06:00:00,8.3
2026-01-16 12:00:00,8.2
2026-01-16 18:00:00,8.1
2026-01-17 06:00:00,7.9
2026-01-17 12:00:00,8.0
2026-01-17 18:00:00,7.9
2026-01-18 06:00:00,7.7
2026-01-18 12:00:00,7.7
2026-01-18 18:00:00,7.6
2026-01-19 06:00:00,7.4
2026-01-19 12:00:00,7.4
2026-01-19 18:00:00,7.3
2026-01-20 06:00:00,7.1
2026-01-20 12:00:00,7.2
2026-01-20 18:00:00,7.1
2026-01-21 06:00:00,6.9
2026-01-21 12:00:00,7.0
2026-01-21 18:00:00,7.0
2026-01-22 06:00:00,6.9
2026-01-22 12:00:00,7.0
2026-01-22 18:00:00,6.9
2026-01-23 06:00:00,6.8
2026-01-23 12:00:00,7.0
2026-01-23 18:00:00,6.9
2026-01-24 06:00:00,6.8
2026-01-24 12:00:00,6.9
2026-01-24 18:00:00,6.8
2026-01-25 06:00:00,6.8
2026-01-25 12:00:00,7.1
2026-01-25 18:00:00,7.0
2026-01-26 06:00:00,6.9
2026-01-26 12:00:00,7.0
2026-01-26 18:00:00,6.9
2026-01-27 06:00:00,6.9
2026-01-27 12:00:00,7.1
2026-01-27 18:00:00,7.0
2026-01-28 06:00:00,7.0
2026-01-28 12:00:00,7.3
2026-01-28 18:00:00,7.1
2026-01-29 06:00:00,7.0
2026-01-29 12:00:00,7.2
2026-01-29 18:00:00,7.1
2026-01-30 06:00:00,7.1
2026-01-30 12:00:00,7.1
2026-01-30 18:00:00,7.1
2026-01-31 06:00:00,7.0
2026-01-31 12:00:00,7.1
2026-01-31 18:00:00,7.0
2026-02-01 06:00:00,6.9
2026-02-01 12:00:00,6.9
2026-02-01 18:00:00,6.8
2026-02-02 06:00:00,6.7
2026-02-02 12:00:00,6.6
2026-02-02 18:00:00,6.5
2026-02-03 06:00:00,6.4
2026-02-03 12:00:00,6.5
2026-02-03 18:00:00,6.4
2026-02-04 06:00:00,6.1
2026-02-04 12:00:00,6.1
2026-02-04 18:00:00,6.1
2026-02-05 06:00:00,6.0
2026-02-05 12:00:00,6.2
2026-02-05 18:00:00,6.1
2026-02-06 06:00:00,6.1
2026-02-06 12:00:00,6.6
2026-02-06 18:00:00,6.6
2026-02-07 06:00:00,6.4
2026-02-07 12:00:00,6.7
2026-02-07 18:00:00,6.7
2026-02-08 06:00:00,6.4
2026-02-08 12:00:00,6.9
2026-02-08 18:00:00,6.7
2026-02-09 06:00:00,6.4
2026-02-09 12:00:00,6.3
2026-02-09 18:00:00,6.2
2026-02-10 06:00:00,6.1
2026-02-10 12:00:00,6.1
2026-02-10 18:00:00,6.1
2026-02-11 06:00:00,5.8
2026-02-11 12:00:00,6.0
2026-02-11 18:00:00,5.9
2026-02-12 06:00:00,5.9
2026-02-12 12:00:00,6.3
2026-02-12 18:00:00,6.2
2026-02-13 06:00:00,6.1
2026-02-13 12:00:00,6.3
2026-02-13 18:00:00,6.2
2026-02-14 06:00:00,6.0
2026-02-14 12:00:00,6.6
2026-02-14 18:00:00,6.5
2026-02-15 06:00:00,6.2
2026-02-15 12:00:00,6.5
2026-02-15 18:00:00,6.3
2026-02-16 06:00:00,6.2
2026-02-16 12:00:00,6.4
2026-02-16 18:00:00,6.3
2026-02-17 06:00:00,6.3
2026-02-17 12:00:00,6.3
2026-02-17 18:00:00,6.3
2026-02-18 06:00:00,5.6
2026-02-18 12:00:00,5.6
2026-02-18 18:00:00,5.5
2026-02-19 06:00:00,5.5
2026-02-19 12:00:00,5.8
2026-02-19 18:00:00,5.6
2026-02-20 06:00:00,5.6
2026-02-20 12:00:00,5.9
2026-02-20 18:00:00,5.9
2026-02-21 06:00:00,5.6
2026-02-21 12:00:00,5.7
2026-02-21 18:00:00,5.7
2026-02-22 06:00:00,5.6
2026-02-22 12:00:00,5.7
2026-02-22 18:00:00,5.6
2026-02-23 06:00:00,5.6
2026-02-23 12:00:00,6.0
2026-02-23 18:00:00,6.0
2026-02-24 06:00:00,5.7
2026-02-24 12:00:00,6.3
2026-02-24 18:00:00,5.9
2026-02-25 06:00:00,5.0
2026-02-25 12:00:00,5.2
2026-02-25 18:00:00,5.2
2026-02-26 06:00:00,5.0
2026-02-26 12:00:00,5.3
2026-02-26 18:00:00,5.1
2026-02-27 06:00:00,5.0
2026-02-27 12:00:00,5.2
2026-02-27 18:00:00,5.1
2026-02-28 06:00:00,5.1
2026-02-28 12:00:00,5.4
2026-02-28 18:00:00,5.3
2026-03-01 06:00:00,5.1
2026-03-01 12:00:00,5.4
2026-03-01 18:00:00,5.3
2026-03-02 06:00:00,5.1
2026-03-02 12:00:00,5.8
2026-03-02 18:00:00,5.7
2026-03-03 06:00:00,5.3
2026-03-03 12:00:00,6.0
2026-03-03 18:00:00,6.0
2026-03-04 06:00:00,4.8
2026-03-04 12:00:00,5.5
2026-03-04 18:00:00,5.3
2026-03-05 06:00:00,4.9
2026-03-05 12:00:00,5.7
2026-03-05 18:00:00,5.5
2026-03-06 06:00:00,5.2
2026-03-06 12:00:00,5.9
2026-03-06 18:00:00,5.8
2026-03-07 06:00:00,5.2
2026-03-07 12:00:00,5.6
2026-03-07 18:00:00,5.5
2026-03-08 06:00:00,5.3
2026-03-08 12:00:00,5.9
2026-03-08 18:00:00,5.8
2026-03-09 06:00:00,5.4
2026-03-09 12:00:00,5.9
2026-03-09 18:00:00,5.8
2026-03-10 06:00:00,5.6
2026-03-10 12:00:00,6.1
2026-03-10 18:00:00,6.0
2026-03-11 06:00:00,5.9
2026-03-11 12:00:00,6.3
2026-03-11 18:00:00,6.3
2026-03-12 06:00:00,6.2
2026-03-12 12:00:00,6.8
2026-03-12 18:00:00,6.6
2026-03-13 06:00:00,6.3
2026-03-13 12:00:00,7.2
2026-03-13 18:00:00,6.9
2026-03-14 06:00:00,6.5
2026-03-14 12:00:00,6.8
2026-03-14 18:00:00,6.7
2026-03-15 06:00:00,6.5
2026-03-15 12:00:00,7.0
2026-03-15 18:00:00,6.7
2026-03-16 06:00:00,6.5
2026-03-16 12:00:00,7.4
2026-03-16 18:00:00,7.3
2026-03-17 06:00:00,6.8
2026-03-17 12:00:00,7.7
2026-03-17 18:00:00,7.4
2026-03-18 06:00:00,7.1
2026-03-18 12:00:00,7.1
2026-03-18 18:00:00,7.0
2026-03-19 06:00:00,6.9
2026-03-19 12:00:00,7.0
2026-03-19 18:00:00,7.0
2026-03-20 06:00:00,7.0
2026-03-20 12:00:00,7.0
2026-03-20 18:00:00,7.0
2026-03-21 06:00:00,7.0
2026-03-21 12:00:00,7.1
2026-03-21 18:00:00,7.1
2026-03-22 06:00:00,7.1
2026-03-22 12:00:00,7.1
2026-03-22 18:00:00,7.1
2026-03-23 06:00:00,7.1
2026-03-23 12:00:00,7.3
2026-03-23 18:00:00,7.2
2026-03-24 06:00:00,7.2
2026-03-24 12:00:00,7.3
2026-03-24 18:00:00,7.3
2026-03-25 06:00:00,7.2
2026-03-25 12:00:00,7.7
2026-03-25 18:00:00,7.7
2026-03-26 06:00:00,7.4
2026-03-26 12:00:00,8.0
2026-03-26 18:00:00,8.0
2026-03-27 06:00:00,7.7
2026-03-27 12:00:00,8.0
2026-03-27 18:00:00,8.0
2026-03-28 06:00:00,8.0
2026-03-28 12:00:00,8.5
2026-03-28 18:00:00,8.5
2026-03-29 06:00:00,8.4
2026-03-29 12:00:00,8.5
2026-03-29 18:00:00,8.4
2026-03-30 06:00:00,8.4
2026-03-30 12:00:00,8.7
2026-03-30 18:00:00,8.8
2026-03-31 06:00:00,8.6
2026-03-31 12:00:00,9.4
2026-03-31 18:00:00,9.2
2026-04-01 06:00:00,9.0
2026-04-01 12:00:00,9.5
2026-04-01 18:00:00,9.5
2026-04-02 06:00:00,9.1
2026-04-02 12:00:00,9.1
2026-04-02 18:00:00,9.1
2026-04-03 06:00:00,9.1
2026-04-03 12:00:00,9.8
2026-04-03 18:00:00,9.7
2026-04-04 06:00:00,9.5
2026-04-04 12:00:00,10.5
2026-04-04 18:00:00,10.6
2026-04-05 06:00:00,9.7
2026-04-05 12:00:00,10.8
2026-04-05 18:00:00,10.8
2026-04-06 06:00:00,10.0
2026-04-06 12:00:00,11.1
2026-04-06 18:00:00,10.6
2026-04-07 06:00:00,10.1
2026-04-07 12:00:00,10.6
2026-04-07 18:00:00,10.4
2026-04-08 06:00:00,10.3
2026-04-08 12:00:00,10.5
2026-04-08 18:00:00,10.4
2026-04-09 06:00:00,10.2
2026-04-09 12:00:00,10.6
2026-04-09 18:00:00,10.5
2026-04-10 06:00:00,10.2
2026-04-10 12:00:00,10.6
2026-04-10 18:00:00,10.4
2026-04-11 06:00:00,10.1
2026-04-11 12:00:00,10.5
2026-04-11 18:00:00,10.4
2026-04-12 06:00:00,10.2
2026-04-12 12:00:00,10.8
2026-04-12 18:00:00,10.7
2026-04-13 06:00:00,10.4
2026-04-13 12:00:00,10.9
2026-04-13 18:00:00,10.8
2026-04-14 06:00:00,10.6
2026-04-14 12:00:00,11.1
2026-04-14 18:00:00,11.0
2026-04-15 06:00:00,10.6
2026-04-15 12:00:00,11.4
2026-04-15 18:00:00,11.3
2026-04-16 06:00:00,10.9
2026-04-16 12:00:00,11.7
2026-04-16 18:00:00,11.5
2026-04-17 06:00:00,11.1
2026-04-17 12:00:00,11.9
2026-04-17 18:00:00,11.6
2026-04-18 06:00:00,11.3
2026-04-18 12:00:00,11.7
2026-04-18 18:00:00,11.8
2026-04-19 06:00:00,11.4
2026-04-19 12:00:00,12.4
2026-04-19 18:00:00,12.0
2026-04-20 06:00:00,11.6
2026-04-20 12:00:00,12.0
2026-04-20 18:00:00,11.9
2026-04-21 06:00:00,11.8
2026-04-21 12:00:00,12.1
2026-04-21 18:00:00,11.9
2026-04-22 06:00:00,11.8
2026-04-22 12:00:00,11.9
2026-04-22 18:00:00,11.9
2026-04-23 06:00:00,11.7
2026-04-23 12:00:00,12.1
2026-04-23 18:00:00,12.0
2026-04-24 06:00:00,11.7
2026-04-24 12:00:00,12.7
2026-04-24 18:00:00,12.7
2026-04-25 06:00:00,12.0
2026-04-25 12:00:00,13.4
2026-04-25 18:00:00,13.3
2026-04-26 06:00:00,12.5
2026-04-26 12:00:00,13.7
2026-04-26 18:00:00,13.3
2026-04-27 06:00:00,12.1
2026-04-27 12:00:00,12.4
2026-04-27 18:00:00,12.3
2026-04-28 06:00:00,12.2
2026-04-28 12:00:00,12.9
2026-04-28 18:00:00,12.7
2026-04-29 06:00:00,12.1
2026-04-29 12:00:00,12.6
2026-04-29 18:00:00,12.5
2026-04-30 06:00:00,12.2
2026-04-30 12:00:00,12.2
2026-04-30 18:00:00,12.1
2026-05-01 06:00:00,11.8
2026-05-01 12:00:00,11.9
2026-05-01 18:00:00,11.8
2026-05-02 06:00:00,11.7
2026-05-02 12:00:00,12.0
2026-05-02 18:00:00,11.9
2026-05-03 06:00:00,11.7
2026-05-03 12:00:00,11.9
2026-05-03 18:00:00,11.8
2026-05-04 06:00:00,11.7
2026-05-04 12:00:00,12.1
2026-05-04 18:00:00,12.0
2026-05-05 06:00:00,11.8
2026-05-05 12:00:00,13.2
2026-05-05 18:00:00,13.2
2026-05-06 06:00:00,12.3
2026-05-06 12:00:00,13.5
2026-05-06 18:00:00,13.4
2026-05-07 06:00:00,12.8
2026-05-07 12:00:00,13.8
2026-05-07 18:00:00,13.8
2026-05-08 06:00:00,13.4
2026-05-08 12:00:00,14.9
2026-05-08 18:00:00,14.9
2026-05-09 06:00:00,14.2
2026-05-09 12:00:00,14.7
2026-05-09 18:00:00,14.8
2026-05-10 06:00:00,14.4
2026-05-10 12:00:00,15.6
2026-05-10 18:00:00,15.8
2026-05-11 06:00:00,15.1
2026-05-11 12:00:00,15.9
2026-05-11 18:00:00,15.8
2026-05-12 06:00:00,15.3
2026-05-12 12:00:00,16.6
2026-05-12 18:00:00,16.6
2026-05-13 06:00:00,15.0
2026-05-13 12:00:00,14.3
2026-05-13 18:00:00,14.3
2026-05-14 06:00:00,14.0
2026-05-14 12:00:00,14.7
2026-05-14 18:00:00,14.6
2026-05-15 06:00:00,14.2
2026-05-15 12:00:00,14.9
2026-05-15 18:00:00,14.7
2026-05-16 06:00:00,14.6
2026-05-16 12:00:00,15.7
2026-05-16 18:00:00,15.5
2026-05-17 06:00:00,15.1
2026-05-17 12:00:00,16.3
2026-05-17 18:00:00,15.8
2026-05-18 06:00:00,15.2
2026-05-18 12:00:00,15.8
2026-05-18 18:00:00,16.1
2026-05-19 06:00:00,15.7
2026-05-19 12:00:00,17.0
2026-05-19 18:00:00,17.2
2026-05-20 06:00:00,15.7
2026-05-20 12:00:00,16.3
2026-05-20 18:00:00,16.3
2026-05-21 06:00:00,15.9
2026-05-21 12:00:00,16.2
2026-05-21 18:00:00,16.2
2026-05-22 06:00:00,16.1
2026-05-22 12:00:00,16.6
2026-05-22 18:00:00,16.7
2026-05-23 06:00:00,16.6
2026-05-23 12:00:00,17.5
2026-05-23 18:00:00,17.8
2026-05-24 06:00:00,16.5
2026-05-24 12:00:00,17.0
2026-05-24 18:00:00,17.0
2026-05-25 06:00:00,16.7
2026-05-25 12:00:00,18.1
2026-05-25 18:00:00,18.2
2026-05-26 06:00:00,17.6
2026-05-26 12:00:00,19.0
2026-05-26 18:00:00,19.1
2026-05-27 06:00:00,18.5
2026-05-27 12:00:00,20.0
2026-05-27 18:00:00,20.0
2026-05-28 06:00:00,19.2
2026-05-28 12:00:00,19.2
2026-05-28 18:00:00,19.0
2026-05-29 06:00:00,18.7
2026-05-29 12:00:00,19.1
2026-05-29 18:00:00,19.0
2026-05-30 06:00:00,18.7
2026-05-30 12:00:00,19.2
2026-05-30 18:00:00,19.1
2026-05-31 06:00:00,18.8
2026-05-31 12:00:00,20.1
2026-05-31 18:00:00,20.0
2026-06-01 06:00:00,19.3
2026-06-01 12:00:00,20.3
2026-06-01 18:00:00,20.2
2026-06-02 06:00:00,19.5
2026-06-02 12:00:00,20.1
2026-06-02 18:00:00,19.9
2026-06-03 06:00:00,20.3
2026-06-03 12:00:00,21.6
2026-06-03 18:00:00,21.5
2026-06-04 06:00:00,20.8
2026-06-04 12:00:00,22.2
2026-06-04 18:00:00,21.9
2026-06-05 06:00:00,21.2
2026-06-05 12:00:00,22.5
2026-06-05 18:00:00,22.1
2026-06-06 06:00:00,21.6
2026-06-06 12:00:00,22.9
2026-06-06 18:00:00,22.8
2026-06-07 06:00:00,21.9
2026-06-07 12:00:00,23.0
2026-06-07 18:00:00,22.9
2026-06-08 06:00:00,22.1
2026-06-08 12:00:00,23.4
2026-06-08 18:00:00,23.3
2026-06-09 06:00:00,22.4
2026-06-09 12:00:00,23.6
2026-06-09 18:00:00,23.6
2026-06-10 06:00:00,22.1
2026-06-10 12:00:00,23.3
2026-06-10 18:00:00,22.9
2026-06-11 06:00:00,22.3
2026-06-11 12:00:00,23.4
2026-06-11 18:00:00,23.1
2026-06-12 06:00:00,22.4
2026-06-12 12:00:00,23.1
2026-06-12 18:00:00,22.5
2026-06-13 06:00:00,21.6
2026-06-13 12:00:00,21.6
2026-06-13 18:00:00,21.6
2026-06-14 06:00:00,21.4
2026-06-14 12:00:00,22.4
2026-06-14 18:00:00,22.2
2026-06-15 06:00:00,21.7
2026-06-15 12:00:00,23.1
2026-06-15 18:00:00,23.1
2026-06-16 06:00:00,21.8
2026-06-16 12:00:00,22.8
2026-06-16 18:00:00,22.8
2026-06-17 06:00:00,21.4
2026-06-17 12:00:00,22.6
2026-06-17 18:00:00,22.2
2026-06-18 06:00:00,21.6
2026-06-18 12:00:00,22.4
2026-06-18 18:00:00,22.2
2026-06-19 06:00:00,21.6
2026-06-19 12:00:00,21.9
2026-06-19 18:00:00,21.9
2026-06-20 06:00:00,21.5
2026-06-20 12:00:00,22.9
2026-06-20 18:00:00,22.7
2026-06-21 06:00:00,21.8
2026-06-21 12:00:00,23.3
2026-06-21 18:00:00,23.5
2026-06-22 06:00:00,22.4
2026-06-22 12:00:00,23.6
2026-06-22 18:00:00,23.6
2026-06-23 06:00:00,22.8
2026-06-23 12:00:00,24.1
2026-06-23 18:00:00,23.8
2026-06-24 06:00:00,22.9
2026-06-24 12:00:00,24.4
2026-06-24 18:00:00,24.5
2026-06-25 06:00:00,23.5
2026-06-25 12:00:00,25.0
2026-06-25 18:00:00,25.1
2026-06-26 06:00:00,23.9
2026-06-26 12:00:00,24.7
2026-06-26 18:00:00,24.7
2026-06-27 06:00:00,24.1
2026-06-27 12:00:00,24.5
2026-06-27 18:00:00,24.2
2026-06-28 06:00:00,23.9
2026-06-28 12:00:00,25.1
2026-06-28 18:00:00,24.7
2026-06-29 06:00:00,24.2
2026-06-29 12:00:00,25.6
2026-06-29 18:00:00,25.8
2026-06-30 06:00:00,24.9
2026-06-30 12:00:00,26.3
2026-06-30 18:00:00,26.3
2026-07-01 06:00:00,25.4
2026-07-01 12:00:00,26.6
2026-07-01 18:00:00,26.4
2026-07-02 06:00:00,25.5
2026-07-02 12:00:00,26.8
2026-07-02 18:00:00,26.5
2026-07-03 06:00:00,25.8
2026-07-03 12:00:00,27.0
2026-07-03 18:00:00,26.9
2026-07-04 06:00:00,25.7
2026-07-04 12:00:00,25.6
2026-07-04 18:00:00,25.7
2026-07-05 06:00:00,25.3
2026-07-05 12:00:00,25.8
2026-07-05 18:00:00,25.4
2026-07-06 06:00:00,25.1
2026-07-06 12:00:00,25.9
2026-07-06 18:00:00,25.4
2026-07-07 06:00:00,25.1
2026-07-07 12:00:00,25.8
2026-07-07 18:00:00,25.5
2026-07-08 06:00:00,25.2
2026-07-08 12:00:00,25.9
2026-07-08 18:00:00,25.6
2026-07-09 06:00:00,25.2
2026-07-09 12:00:00,25.3
2026-07-09 18:00:00,25.3
2026-07-10 06:00:00,24.9
2026-07-10 12:00:00,25.6
2026-07-10 18:00:00,25.2
2026-07-11 06:00:00,24.7
2026-07-11 12:00:00,25.5
2026-07-11 18:00:00,25.1
2026-07-12 06:00:00,24.7
2026-07-12 12:00:00,25.3
2026-07-12 18:00:00,25.1
2026-07-13 06:00:00,24.7
2026-07-13 12:00:00,25.4
2026-07-13 18:00:00,25.1
2026-07-14 06:00:00,24.5
2026-07-14 12:00:00,25.0
2026-07-14 18:00:00,25.0
2026-07-15 06:00:00,24.6
2026-07-15 12:00:00,25.9
2026-07-15 18:00:00,25.5
2026-07-16 06:00:00,25.0
2026-07-16 12:00:00,25.3
2026-07-16 18:00:00,25.3
2026-07-17 06:00:00,24.4
2026-07-17 12:00:00,25.8
2026-07-17 18:00:00,25.8
2026-07-18 06:00:00,24.8
2026-07-18 12:00:00,26.2
2026-07-18 18:00:00,25.6
2026-07-19 06:00:00,25.1
2026-07-19 12:00:00,25.7
2026-07-19 18:00:00,25.5
2026-07-20 06:00:00,25.0
2026-07-20 12:00:00,25.6
2026-07-20 18:00:00,25.5
2026-07-21 06:00:00,25.2
2026-07-21 12:00:00,26.3
2026-07-21 18:00:00,26.1
2026-07-22 06:00:00,25.5
2026-07-22 12:00:00,25.9
2026-07-22 18:00:00,25.5
2026-07-23 06:00:00,24.7
2026-07-23 12:00:00,23.7
2026-07-23 18:00:00,23.6
2026-07-24 06:00:00,23.4
2026-07-24 12:00:00,24.3
2026-07-24 18:00:00,23.9
2026-07-25 06:00:00,23.3
2026-07-25 12:00:00,23.5
2026-07-25 18:00:00,23.4
2026-07-26 06:00:00,23.3
2026-07-26 12:00:00,24.1
2026-07-26 18:00:00,23.6
2026-07-27 06:00:00,23.3
2026-07-27 12:00:00,23.8
2026-07-27 18:00:00,24.0
2026-07-28 06:00:00,23.7
2026-07-28 12:00:00,25.0
2026-07-28 18:00:00,24.7
2026-07-29 06:00:00,24.0
2026-07-29 12:00:00,24.3
2026-07-29 18:00:00,24.2
2026-07-30 06:00:00,23.9
2026-07-30 12:00:00,24.7
2026-07-30 18:00:00,24.2
2026-07-31 06:00:00,23.8
2026-07-31 12:00:00,24.2
2026-07-31 18:00:00,24.2
2026-08-01 06:00:00,23.9
2026-08-01 12:00:00,24.3
2026-08-01 18:00:00,24.2
2026-08-02 06:00:00,23.9
2026-08-02 12:00:00,24.6
2026-08-02 18:00:00,24.5
2026-08-03 06:00:00,24.1
2026-08-03 12:00:00,25.3
2026-08-03 18:00:00,25.3
2026-08-04 06:00:00,24.4
2026-08-04 12:00:00,25.7
2026-08-04 18:00:00,25.6
2026-08-05 06:00:00,24.7
2026-08-05 12:00:00,25.4
2026-08-05 18:00:00,25.5
2026-08-06 06:00:00,24.9
2026-08-06 12:00:00,26.1
2026-08-06 18:00:00,26.2
2026-08-07 06:00:00,25.4
2026-08-07 12:00:00,26.2
2026-08-07 18:00:00,26.2
2026-08-08 06:00:00,25.6
2026-08-08 12:00:00,26.4
2026-08-08 18:00:00,26.4
2026-08-09 06:00:00,25.5
2026-08-09 12:00:00,26.1
2026-08-09 18:00:00,25.8
2026-08-10 06:00:00,25.4
2026-08-10 12:00:00,25.8
2026-08-10 18:00:00,25.7
2026-08-11 06:00:00,25.5
2026-08-11 12:00:00,26.4
2026-08-11 18:00:00,26.0
2026-08-12 06:00:00,25.5
2026-08-12 12:00:00,26.0
2026-08-12 18:00:00,25.9
2026-08-13 06:00:00,25.6
2026-08-13 12:00:00,25.7
2026-08-13 18:00:00,25.5
2026-08-14 06:00:00,25.3
2026-08-14 12:00:00,25.4
2026-08-14 18:00:00,25.3
2026-08-15 06:00:00,25.1
2026-08-15 12:00:00,25.2
2026-08-15 18:00:00,25.1
2026-08-16 06:00:00,25.0
2026-08-16 12:00:00,25.1
2026-08-16 18:00:00,25.0
2026-08-17 06:00:00,24.9
2026-08-17 12:00:00,25.5
2026-08-17 18:00:00,25.2
2026-08-18 06:00:00,24.9
2026-08-18 12:00:00,25.3
2026-08-18 18:00:00,25.2
2026-08-19 06:00:00,25.0
2026-08-19 12:00:00,25.4
2026-08-19 18:00:00,25.2
2026-08-20 06:00:00,25.0
2026-08-20 12:00:00,25.3
2026-08-20 18:00:00,25.2
2026-08-21 06:00:00,25.0
2026-08-21 12:00:00,25.6
2026-08-21 18:00:00,25.4
2026-08-22 06:00:00,25.1
2026-08-22 12:00:00,25.8
2026-08-22 18:00:00,25.6
2026-08-23 06:00:00,25.2
2026-08-23 12:00:00,26.2
2026-08-23 18:00:00,25.9
2026-08-24 06:00:00,25.5
2026-08-24 12:00:00,26.1
2026-08-24 18:00:00,25.9
2026-08-25 06:00:00,25.5
2026-08-25 12:00:00,26.1
2026-08-25 18:00:00,25.9
2026-08-26 06:00:00,25.6
2026-08-26 12:00:00,26.2
2026-08-26 18:00:00,25.9
2026-08-27 06:00:00,25.7
2026-08-27 12:00:00,25.9
2026-08-27 18:00:00,25.8
2026-08-28 06:00:00,25.4
2026-08-28 12:00:00,25.5
2026-08-28 18:00:00,25.3
2026-08-29 06:00:00,25.1
2026-08-29 12:00:00,25.4
2026-08-29 18:00:00,25.2
2026-08-30 06:00:00,25.1
2026-08-30 12:00:00,25.7
2026-08-30 18:00:00,25.5
2026-08-31 06:00:00,25.2
2026-08-31 12:00:00,25.6
2026-08-31 18:00:00,25.4
2026-09-01 06:00:00,25.1
2026-09-01 12:00:00,25.8
2026-09-01 18:00:00,25.5
2026-09-02 06:00:00,25.2
2026-09-02 12:00:00,26.0
2026-09-02 18:00:00,25.6
2026-09-03 06:00:00,25.3
2026-09-03 12:00:00,25.7
2026-09-03 18:00:00,25.5
2026-09-04 06:00:00,25.2
2026-09-04 12:00:00,25.7
2026-09-04 18:00:00,25.5
2026-09-05 06:00:00,25.2
2026-09-05 12:00:00,25.7
2026-09-05 18:00:00,25.4
2026-09-06 06:00:00,25.2
2026-09-06 12:00:00,25.8
2026-09-06 18:00:00,25.5
2026-09-07 06:00:00,25.2
2026-09-07 12:00:00,25.3
2026-09-07 18:00:00,25.2
2026-09-08 06:00:00,25.1
2026-09-08 12:00:00,25.5
2026-09-08 18:00:00,25.3
2026-09-09 06:00:00,25.1
2026-09-09 12:00:00,25.3
2026-09-09 18:00:00,25.1
2026-09-10 06:00:00,25.0
2026-09-10 12:00:00,25.3
2026-09-10 18:00:00,25.2
2026-09-11 06:00:00,25.0
2026-09-11 12:00:00,25.4
2026-09-11 18:00:00,25.2
2026-09-12 06:00:00,25.0
2026-09-12 12:00:00,25.4
2026-09-12 18:00:00,25.3
2026-09-13 06:00:00,25.0
2026-09-13 12:00:00,24.9
2026-09-13 18:00:00,24.8
2026-09-14 06:00:00,24.6
2026-09-14 12:00:00,24.7
2026-09-14 18:00:00,24.6
2026-09-15 06:00:00,24.5
2026-09-15 12:00:00,24.6
2026-09-15 18:00:00,24.5
2026-09-16 06:00:00,24.4
2026-09-16 12:00:00,24.6
2026-09-16 18:00:00,24.4
2026-09-17 06:00:00,24.3
2026-09-17 12:00:00,24.4
2026-09-17 18:00:00,24.3
2026-09-18 06:00:00,24.1
2026-09-18 12:00:00,24.5
2026-09-18 18:00:00,24.3
2026-09-19 06:00:00,24.1
2026-09-19 12:00:00,24.6
2026-09-19 18:00:00,24.3
2026-09-20 06:00:00,24.1
2026-09-20 12:00:00,24.6
2026-09-20 18:00:00,24.3
2026-09-21 06:00:00,24.1
2026-09-21 12:00:00,24.5
2026-09-21 18:00:00,24.2
2026-09-22 06:00:00,24.0
2026-09-22 12:00:00,24.0
2026-09-22 18:00:00,24.0
2026-09-23 06:00:00,23.7
2026-09-23 12:00:00,23.7
2026-09-23 18:00:00,23.7
2026-09-24 06:00:00,23.5
2026-09-24 12:00:00,23.4
2026-09-24 18:00:00,23.2
2026-09-25 06:00:00,23.1
2026-09-25 12:00:00,23.3
2026-09-25 18:00:00,23.1
2026-09-26 06:00:00,23.0
2026-09-26 12:00:00,23.0
2026-09-26 18:00:00,22.9
2026-09-27 06:00:00,22.6
2026-09-27 12:00:00,22.7
2026-09-27 18:00:00,22.6
2026-09-28 06:00:00,22.3
2026-09-28 12:00:00,22.3
2026-09-28 18:00:00,22.2
2026-09-29 06:00:00,22.0
2026-09-29 12:00:00,22.0
2026-09-29 18:00:00,21.9
2026-09-30 06:00:00,21.7
2026-09-30 12:00:00,21.7
2026-09-30 18:00:00,21.6
2026-10-01 06:00:00,21.4
2026-10-01 12:00:00,21.0
2026-10-01 18:00:00,21.0
2026-10-02 06:00:00,20.7
2026-10-02 12:00:00,20.8
2026-10-02 18:00:00,20.7
2026-10-03 06:00:00,20.5
2026-10-03 12:00:00,20.5
2026-10-03 18:00:00,20.4
2026-10-04 06:00:00,20.3
2026-10-04 12:00:00,20.6
2026-10-04 18:00:00,20.4
2026-10-05 06:00:00,20.3
2026-10-05 12:00:00,20.6
2026-10-05 18:00:00,20.4
2026-10-06 06:00:00,20.2
2026-10-06 12:00:00,20.5
2026-10-06 18:00:00,20.3
2026-10-07 06:00:00,20.1
2026-10-07 12:00:00,20.5
2026-10-07 18:00:00,20.3
2026-10-08 06:00:00,20.1
2026-10-08 12:00:00,20.1
2026-10-08 18:00:00,20.0
2026-10-09 06:00:00,19.9
2026-10-09 12:00:00,20.5
2026-10-09 18:00:00,20.3
2026-10-10 06:00:00,20.0
2026-10-10 12:00:00,20.8
2026-10-10 18:00:00,20.5
